0.602495 0.003047 1.246039e-03 4.690360e-05 
0.608590 0.003047 1.162125e-03 4.690360e-05 
0.614746 0.003078 1.133683e-03 4.884084e-05 
0.620964 0.003109 1.037526e-03 5.221064e-05 
0.627246 0.003141 1.065689e-03 4.623661e-05 
0.633590 0.003172 1.062239e-03 4.203933e-05 
0.639999 0.003204 1.101765e-03 4.508455e-05 
0.646473 0.003237 1.163344e-03 4.243502e-05 
0.653012 0.003270 1.184699e-03 3.439565e-05 
0.659618 0.003303 1.166543e-03 3.037060e-05 
0.666290 0.003336 1.127134e-03 3.117233e-05 
0.673030 0.003370 1.143578e-03 3.482565e-05 
0.679837 0.003404 1.170497e-03 3.671709e-05 
0.686714 0.003438 1.128022e-03 3.410794e-05 
0.693660 0.003473 1.182666e-03 2.890334e-05 
0.700677 0.003508 1.129527e-03 2.468677e-05 
0.707765 0.003544 1.158484e-03 2.246921e-05 
0.714924 0.003580 1.139342e-03 2.131649e-05 
0.722155 0.003616 1.190399e-03 1.975714e-05 
0.729460 0.003652 1.159712e-03 1.799682e-05 
0.736839 0.003689 1.189043e-03 1.671603e-05 
0.744292 0.003727 1.166127e-03 1.596595e-05 
0.751821 0.003764 1.169417e-03 1.568502e-05 
0.759426 0.003802 1.167817e-03 1.592226e-05 
0.767108 0.003841 1.144556e-03 1.671169e-05 
0.774867 0.003880 1.127377e-03 1.786943e-05 
0.782705 0.003919 1.144855e-03 1.919570e-05 
0.790622 0.003959 1.169739e-03 1.975695e-05 
0.798620 0.003999 1.140987e-03 1.808458e-05 
0.806698 0.004039 1.161952e-03 1.549382e-05 
0.814858 0.004080 1.150334e-03 1.359782e-05 
0.823101 0.004121 1.149467e-03 1.286749e-05 
0.831426 0.004163 1.162123e-03 1.381016e-05 
0.839837 0.004205 1.199086e-03 1.654343e-05 
0.848332 0.004248 1.150404e-03 1.803138e-05 
0.856913 0.004291 1.164496e-03 1.550020e-05 
0.865581 0.004334 1.166356e-03 1.262231e-05 
0.874336 0.004378 1.148800e-03 1.251165e-05 
0.883181 0.004422 1.175540e-03 1.537707e-05 
0.892114 0.004467 1.171389e-03 1.638159e-05 
0.901138 0.004512 1.168094e-03 1.311524e-05 
0.910253 0.004558 1.160477e-03 1.118460e-05 
0.919461 0.004604 1.152800e-03 1.343649e-05 
0.928761 0.004650 1.156352e-03 1.524801e-05 
0.938156 0.004697 1.138046e-03 1.236364e-05 
0.947646 0.004745 1.138319e-03 1.052069e-05 
0.957232 0.004793 1.148631e-03 1.367580e-05 
0.966914 0.004841 1.179054e-03 1.423203e-05 
0.976695 0.004890 1.162604e-03 1.041092e-05 
0.986574 0.004940 1.163660e-03 1.081800e-05 
0.996554 0.004990 1.180322e-03 1.349935e-05 
1.006634 0.005040 1.167359e-03 1.126167e-05 
1.016817 0.005091 1.141035e-03 9.385765e-06 
1.027102 0.005143 1.173162e-03 1.281239e-05 
1.037491 0.005195 1.162927e-03 1.196843e-05 
1.047986 0.005247 1.150554e-03 8.710390e-06 
1.058587 0.005300 1.163830e-03 1.177636e-05 
1.069294 0.005354 1.156136e-03 1.183202e-05 
1.080111 0.005408 1.171220e-03 8.286624e-06 
1.091036 0.005463 1.159146e-03 1.076209e-05 
1.102072 0.005518 1.163974e-03 1.126474e-05 
1.113220 0.005574 1.156668e-03 7.956905e-06 
1.124481 0.005630 1.172042e-03 1.018937e-05 
1.135855 0.005687 1.153993e-03 1.083595e-05 
1.147345 0.005745 1.159870e-03 7.675669e-06 
1.158950 0.005803 1.165057e-03 9.880332e-06 
1.170673 0.005862 1.165210e-03 1.051535e-05 
1.182515 0.005921 1.159987e-03 7.454226e-06 
1.194477 0.005981 1.156938e-03 9.720782e-06 
1.206559 0.006041 1.156433e-03 1.024157e-05 
1.218764 0.006102 1.159441e-03 7.250102e-06 
1.231092 0.006164 1.169874e-03 9.497851e-06 
1.243545 0.006226 1.159314e-03 1.004892e-05 
1.256124 0.006289 1.157785e-03 7.159826e-06 
1.268830 0.006353 1.159171e-03 9.259434e-06 
1.281664 0.006417 1.158826e-03 1.001652e-05 
1.294628 0.006482 1.139658e-03 7.222355e-06 
1.307724 0.006548 1.139386e-03 8.892761e-06 
1.320952 0.006614 1.153774e-03 1.006387e-05 
1.334314 0.006681 1.150187e-03 7.485350e-06 
1.347811 0.006748 1.142403e-03 8.320012e-06 
1.361444 0.006817 1.167116e-03 1.015459e-05 
1.375216 0.006886 1.171770e-03 8.134949e-06 
1.389126 0.006955 1.145932e-03 7.652126e-06 
1.403178 0.007026 1.168036e-03 1.029879e-05 
1.417371 0.007097 1.151001e-03 9.471879e-06 
1.431708 0.007169 1.169081e-03 7.342247e-06 
1.446190 0.007241 1.174835e-03 9.263166e-06 
1.460819 0.007314 1.163545e-03 1.046090e-05 
1.475596 0.007388 1.168389e-03 8.270495e-06 
1.490522 0.007463 1.163168e-03 7.626451e-06 
1.505599 0.007539 1.156668e-03 1.008039e-05 
1.520828 0.007615 1.147288e-03 1.054993e-05 
1.536212 0.007692 1.162757e-03 8.164345e-06 
1.551751 0.007770 1.144740e-03 7.586009e-06 
1.567447 0.007848 1.163474e-03 9.380619e-06 
1.583303 0.007928 1.164610e-03 1.060763e-05 
1.599318 0.008008 1.159534e-03 9.180884e-06 
1.615496 0.008089 1.162270e-03 7.681072e-06 
1.631837 0.008171 1.164399e-03 7.868167e-06 
1.648343 0.008253 1.161127e-03 9.383076e-06 
1.665017 0.008337 1.173347e-03 1.082088e-05 
1.681859 0.008421 1.144456e-03 1.023648e-05 
1.698871 0.008506 1.155258e-03 8.748958e-06 
1.716056 0.008592 1.165128e-03 8.026438e-06 
1.733414 0.008679 1.150412e-03 8.083744e-06 
1.750948 0.008767 1.156705e-03 8.747921e-06 
1.768660 0.008856 1.169769e-03 9.770194e-06 
1.786550 0.008945 1.151052e-03 1.093361e-05 
1.804622 0.009036 1.141394e-03 1.207538e-05 
1.822876 0.009127 1.159676e-03 1.226851e-05 
1.841315 0.009219 1.163920e-03 1.167531e-05 
1.859940 0.009313 1.145625e-03 1.127332e-05 
1.878754 0.009407 1.161802e-03 1.102903e-05 
1.897758 0.009502 1.185583e-03 1.093076e-05 
1.916954 0.009598 1.179330e-03 1.103538e-05 
1.936345 0.009695 1.188024e-03 1.134839e-05 
1.955932 0.009793 1.174863e-03 1.178898e-05 
1.975716 0.009892 1.161336e-03 1.240170e-05 
1.995701 0.009992 1.146835e-03 1.265956e-05 
2.015888 0.010094 1.178710e-03 1.205156e-05 
2.036280 0.010196 1.167016e-03 1.106819e-05 
2.056877 0.010299 1.168990e-03 1.028310e-05 
2.077683 0.010403 1.167449e-03 9.867887e-06 
2.098699 0.010508 1.161975e-03 1.004882e-05 
2.119928 0.010614 1.161947e-03 1.099582e-05 
2.141372 0.010722 1.147983e-03 1.188016e-05 
2.163032 0.010830 1.159793e-03 1.131221e-05 
2.184912 0.010940 1.169649e-03 1.025062e-05 
2.207013 0.011050 1.157390e-03 1.071431e-05 
2.229338 0.011162 1.160241e-03 1.158661e-05 
2.251888 0.011275 1.158790e-03 1.105535e-05 
2.274667 0.011389 1.140362e-03 1.069513e-05 
2.297675 0.011504 1.154096e-03 1.159162e-05 
2.320917 0.011621 1.142283e-03 1.136680e-05 
2.344394 0.011738 1.141023e-03 1.175829e-05 
2.368108 0.011857 1.152287e-03 1.196405e-05 
2.392062 0.011977 1.168413e-03 1.171442e-05 
2.416258 0.012098 1.156829e-03 1.192776e-05 
2.440699 0.012221 1.144840e-03 1.217883e-05 
2.465388 0.012344 1.157569e-03 1.236255e-05 
2.490326 0.012469 1.138181e-03 1.337727e-05 
2.515516 0.012595 1.159268e-03 1.358213e-05 
2.540961 0.012723 1.165518e-03 1.285313e-05 
2.566664 0.012851 1.151013e-03 1.342063e-05 
2.592626 0.012981 1.152038e-03 1.296910e-05 
2.618852 0.013113 1.167746e-03 1.256843e-05 
2.645342 0.013245 1.162609e-03 1.358224e-05 
2.672100 0.013379 1.180187e-03 1.391489e-05 
2.699129 0.013515 1.175200e-03 1.324234e-05 
2.726432 0.013651 1.185231e-03 1.285735e-05 
2.754010 0.013789 1.162112e-03 1.292112e-05 
2.781868 0.013929 1.185061e-03 1.317842e-05 
2.810007 0.014070 1.193086e-03 1.347723e-05 
2.838431 0.014212 1.179123e-03 1.357245e-05 
2.867143 0.014356 1.167229e-03 1.353174e-05 
2.896145 0.014501 1.166369e-03 1.362553e-05 
2.925440 0.014648 1.165397e-03 1.399827e-05 
2.955032 0.014796 1.163245e-03 1.466718e-05 
2.984923 0.014945 1.155261e-03 1.533194e-05 
3.015116 0.015097 1.161924e-03 1.506252e-05 
3.045615 0.015249 1.170612e-03 1.450497e-05 
3.076422 0.015404 1.171032e-03 1.537012e-05 
3.107541 0.015559 1.168025e-03 1.545056e-05 
3.138974 0.015717 1.148425e-03 1.510510e-05 
3.170726 0.015876 1.166631e-03 1.517147e-05 
3.202799 0.016036 1.150253e-03 1.538593e-05 
3.235196 0.016199 1.139953e-03 1.538637e-05 
3.267921 0.016362 1.183154e-03 1.524468e-05 
3.300977 0.016528 1.155681e-03 1.572771e-05 
3.334367 0.016695 1.172390e-03 1.548243e-05 
3.368095 0.016864 1.130466e-03 1.511400e-05 
3.402164 0.017035 1.161682e-03 1.526931e-05 
3.436578 0.017207 1.187540e-03 1.547184e-05 
3.471340 0.017381 1.172095e-03 1.565567e-05 
3.506454 0.017557 1.153327e-03 1.565064e-05 
3.541922 0.017734 1.164589e-03 1.556744e-05 
3.577750 0.017914 1.106844e-03 1.563152e-05 
3.613940 0.018095 1.158404e-03 1.605632e-05 
3.650496 0.018278 1.165545e-03 1.649623e-05 
3.687422 0.018463 1.172848e-03 1.625580e-05 
3.724721 0.018650 1.155216e-03 1.671314e-05 
3.762398 0.018838 1.159407e-03 1.686581e-05 
3.800455 0.019029 1.159098e-03 1.678745e-05 
3.838898 0.019221 1.139528e-03 1.713611e-05 
3.877729 0.019416 1.190689e-03 1.685891e-05 
3.916954 0.019612 1.169935e-03 1.693529e-05 
3.956575 0.019811 1.170018e-03 1.731020e-05 
3.996597 0.020011 1.158026e-03 1.766912e-05 
4.037023 0.020213 1.181457e-03 1.778630e-05 
4.077859 0.020418 1.167328e-03 1.787918e-05 
4.119108 0.020624 1.177448e-03 1.798049e-05 
4.160774 0.020833 1.185813e-03 1.876921e-05 
4.202861 0.021044 1.175564e-03 1.896572e-05 
4.245374 0.021257 1.149990e-03 1.896813e-05 
4.288317 0.021472 1.136373e-03 1.940112e-05 
4.331695 0.021689 1.148045e-03 1.982550e-05 
4.375511 0.021908 1.225483e-03 2.094506e-05 
4.419770 0.022130 1.180367e-03 2.164271e-05 
4.464478 0.022354 1.200445e-03 2.172939e-05 
4.509637 0.022580 1.135364e-03 2.223148e-05 
4.555253 0.022808 1.188878e-03 2.239275e-05 
4.601331 0.023039 1.190411e-03 2.229208e-05 
4.647875 0.023272 1.193260e-03 2.265239e-05 
4.694889 0.023507 1.186196e-03 2.290132e-05 
4.742379 0.023745 1.182864e-03 2.279062e-05 
4.790350 0.023985 1.211487e-03 2.358581e-05 
4.838805 0.024228 1.141887e-03 2.386411e-05 
4.887751 0.024473 1.193666e-03 2.416504e-05 
4.937192 0.024720 1.143990e-03 2.455934e-05 
4.987133 0.024971 1.179037e-03 2.449914e-05 
5.037580 0.025223 1.188474e-03 2.470474e-05 
5.088536 0.025478 1.154705e-03 2.544184e-05 
5.140008 0.025736 1.166613e-03 2.638526e-05 
5.192001 0.025996 1.186418e-03 2.769584e-05 
5.244519 0.026259 1.118776e-03 2.811827e-05 
5.297569 0.026525 1.161854e-03 2.811827e-05 
