0.602495 0.003047 1.232310e-03 7.266257e-05 
0.608590 0.003047 1.193873e-03 7.266257e-05 
0.614746 0.003078 1.223974e-03 7.566373e-05 
0.620964 0.003109 1.354087e-03 8.088419e-05 
0.627246 0.003141 1.303661e-03 7.162929e-05 
0.633590 0.003172 1.185041e-03 6.512690e-05 
0.639999 0.003204 1.110310e-03 6.984448e-05 
0.646473 0.003237 1.309255e-03 6.573985e-05 
0.653012 0.003270 1.122829e-03 5.328528e-05 
0.659618 0.003303 1.185170e-03 4.704959e-05 
0.666290 0.003336 1.218387e-03 4.829176e-05 
0.673030 0.003370 1.188037e-03 5.395156e-05 
0.679837 0.003404 1.205012e-03 5.688174e-05 
0.686714 0.003438 1.170990e-03 5.283968e-05 
0.693660 0.003473 1.204874e-03 4.477652e-05 
0.700677 0.003508 1.145127e-03 3.824421e-05 
0.707765 0.003544 1.195706e-03 3.480881e-05 
0.714924 0.003580 1.204375e-03 3.302319e-05 
0.722155 0.003616 1.158080e-03 3.060720e-05 
0.729460 0.003652 1.150548e-03 2.787992e-05 
0.736839 0.003689 1.163164e-03 2.589623e-05 
0.744292 0.003727 1.181042e-03 2.473424e-05 
0.751821 0.003764 1.153926e-03 2.429905e-05 
0.759426 0.003802 1.166071e-03 2.466660e-05 
0.767108 0.003841 1.146215e-03 2.588959e-05 
0.774867 0.003880 1.173783e-03 2.768311e-05 
0.782705 0.003919 1.207149e-03 2.973779e-05 
0.790622 0.003959 1.136976e-03 3.060714e-05 
0.798620 0.003999 1.201816e-03 2.801618e-05 
0.806698 0.004039 1.221862e-03 2.400267e-05 
0.814858 0.004080 1.152515e-03 2.106542e-05 
0.823101 0.004121 1.156383e-03 1.993397e-05 
0.831426 0.004163 1.184851e-03 2.139431e-05 
0.839837 0.004205 1.178739e-03 2.562876e-05 
0.848332 0.004248 1.153312e-03 2.793380e-05 
0.856913 0.004291 1.179718e-03 2.401270e-05 
0.865581 0.004334 1.176810e-03 1.955433e-05 
0.874336 0.004378 1.175062e-03 1.938291e-05 
0.883181 0.004422 1.163154e-03 2.382199e-05 
0.892114 0.004467 1.141700e-03 2.537786e-05 
0.901138 0.004512 1.197086e-03 2.031764e-05 
0.910253 0.004558 1.200111e-03 1.732681e-05 
0.919461 0.004604 1.180965e-03 2.081545e-05 
0.928761 0.004650 1.162599e-03 2.362174e-05 
0.938156 0.004697 1.202305e-03 1.915342e-05 
0.947646 0.004745 1.188285e-03 1.629836e-05 
0.957232 0.004793 1.197617e-03 2.118616e-05 
0.966914 0.004841 1.181317e-03 2.204784e-05 
0.976695 0.004890 1.161538e-03 1.612821e-05 
0.986574 0.004940 1.181097e-03 1.675884e-05 
0.996554 0.004990 1.205288e-03 2.091288e-05 
1.006634 0.005040 1.174345e-03 1.744639e-05 
1.016817 0.005091 1.182878e-03 1.454028e-05 
1.027102 0.005143 1.153660e-03 1.984877e-05 
1.037491 0.005195 1.166202e-03 1.854140e-05 
1.047986 0.005247 1.148904e-03 1.349401e-05 
1.058587 0.005300 1.148068e-03 1.824367e-05 
1.069294 0.005354 1.173871e-03 1.832998e-05 
1.080111 0.005408 1.175968e-03 1.283750e-05 
1.091036 0.005463 1.186034e-03 1.667245e-05 
1.102072 0.005518 1.180107e-03 1.745107e-05 
1.113220 0.005574 1.187375e-03 1.232657e-05 
1.124481 0.005630 1.190282e-03 1.578498e-05 
1.135855 0.005687 1.182980e-03 1.678677e-05 
1.147345 0.005745 1.181616e-03 1.189080e-05 
1.158950 0.005803 1.166535e-03 1.530607e-05 
1.170673 0.005862 1.204948e-03 1.629014e-05 
1.182515 0.005921 1.155140e-03 1.154788e-05 
1.194477 0.005981 1.172094e-03 1.505914e-05 
1.206559 0.006041 1.183250e-03 1.586612e-05 
1.218764 0.006102 1.163385e-03 1.123175e-05 
1.231092 0.006164 1.155468e-03 1.471391e-05 
1.243545 0.006226 1.121921e-03 1.556769e-05 
1.256124 0.006289 1.161532e-03 1.109193e-05 
1.268830 0.006353 1.160808e-03 1.434462e-05 
1.281664 0.006417 1.184359e-03 1.551741e-05 
1.294628 0.006482 1.163596e-03 1.118873e-05 
1.307724 0.006548 1.168671e-03 1.377649e-05 
1.320952 0.006614 1.181843e-03 1.559072e-05 
1.334314 0.006681 1.160216e-03 1.159609e-05 
1.347811 0.006748 1.182273e-03 1.288911e-05 
1.361444 0.006817 1.210376e-03 1.573106e-05 
1.375216 0.006886 1.173903e-03 1.260241e-05 
1.389126 0.006955 1.192955e-03 1.185441e-05 
1.403178 0.007026 1.189039e-03 1.595433e-05 
1.417371 0.007097 1.200526e-03 1.467341e-05 
1.431708 0.007169 1.168805e-03 1.137430e-05 
1.446190 0.007241 1.204269e-03 1.435013e-05 
1.460819 0.007314 1.172414e-03 1.620561e-05 
1.475596 0.007388 1.173993e-03 1.281212e-05 
1.490522 0.007463 1.154614e-03 1.181446e-05 
1.505599 0.007539 1.173552e-03 1.561623e-05 
1.520828 0.007615 1.208754e-03 1.634370e-05 
1.536212 0.007692 1.184672e-03 1.264804e-05 
1.551751 0.007770 1.170755e-03 1.175211e-05 
1.567447 0.007848 1.157073e-03 1.453233e-05 
1.583303 0.007928 1.146166e-03 1.643322e-05 
1.599318 0.008008 1.173978e-03 1.422290e-05 
1.615496 0.008089 1.156029e-03 1.189943e-05 
1.631837 0.008171 1.174347e-03 1.218929e-05 
1.648343 0.008253 1.171249e-03 1.453617e-05 
1.665017 0.008337 1.160746e-03 1.676343e-05 
1.681859 0.008421 1.158693e-03 1.585826e-05 
1.698871 0.008506 1.177689e-03 1.355372e-05 
1.716056 0.008592 1.150635e-03 1.243434e-05 
1.733414 0.008679 1.192502e-03 1.252310e-05 
1.750948 0.008767 1.174831e-03 1.355202e-05 
1.768660 0.008856 1.184116e-03 1.513562e-05 
1.786550 0.008945 1.181875e-03 1.693796e-05 
1.804622 0.009036 1.190167e-03 1.870677e-05 
1.822876 0.009127 1.194138e-03 1.900600e-05 
1.841315 0.009219 1.166979e-03 1.808705e-05 
1.859940 0.009313 1.188269e-03 1.746429e-05 
1.878754 0.009407 1.185092e-03 1.708579e-05 
1.897758 0.009502 1.188083e-03 1.693360e-05 
1.916954 0.009598 1.185726e-03 1.709570e-05 
1.936345 0.009695 1.201681e-03 1.758025e-05 
1.955932 0.009793 1.202614e-03 1.826311e-05 
1.975716 0.009892 1.161467e-03 1.921253e-05 
1.995701 0.009992 1.164636e-03 1.961189e-05 
2.015888 0.010094 1.188439e-03 1.867004e-05 
2.036280 0.010196 1.192783e-03 1.714662e-05 
2.056877 0.010299 1.184711e-03 1.593041e-05 
2.077683 0.010403 1.174045e-03 1.528717e-05 
2.098699 0.010508 1.180799e-03 1.556748e-05 
2.119928 0.010614 1.164878e-03 1.703458e-05 
2.141372 0.010722 1.173263e-03 1.840426e-05 
2.163032 0.010830 1.180151e-03 1.752472e-05 
2.184912 0.010940 1.155039e-03 1.588007e-05 
2.207013 0.011050 1.182290e-03 1.659823e-05 
2.229338 0.011162 1.154600e-03 1.794976e-05 
2.251888 0.011275 1.151640e-03 1.712670e-05 
2.274667 0.011389 1.152311e-03 1.656864e-05 
2.297675 0.011504 1.140723e-03 1.795745e-05 
2.320917 0.011621 1.162557e-03 1.760916e-05 
2.344394 0.011738 1.201676e-03 1.821567e-05 
2.368108 0.011857 1.162290e-03 1.853446e-05 
2.392062 0.011977 1.169895e-03 1.814762e-05 
2.416258 0.012098 1.196541e-03 1.847816e-05 
2.440699 0.012221 1.188042e-03 1.886704e-05 
2.465388 0.012344 1.185352e-03 1.915170e-05 
2.490326 0.012469 1.189687e-03 2.072364e-05 
2.515516 0.012595 1.176799e-03 2.104096e-05 
2.540961 0.012723 1.184560e-03 1.991155e-05 
2.566664 0.012851 1.208226e-03 2.079073e-05 
2.592626 0.012981 1.172238e-03 2.009134e-05 
2.618852 0.013113 1.208704e-03 1.947065e-05 
2.645342 0.013245 1.220421e-03 2.104121e-05 
2.672100 0.013379 1.220666e-03 2.155649e-05 
2.699129 0.013515 1.180334e-03 2.051462e-05 
2.726432 0.013651 1.161040e-03 1.991825e-05 
2.754010 0.013789 1.172587e-03 2.001681e-05 
2.781868 0.013929 1.166686e-03 2.041557e-05 
2.810007 0.014070 1.181203e-03 2.087856e-05 
2.838431 0.014212 1.193889e-03 2.102602e-05 
2.867143 0.014356 1.192924e-03 2.096302e-05 
2.896145 0.014501 1.201151e-03 2.110834e-05 
2.925440 0.014648 1.200177e-03 2.168561e-05 
2.955032 0.014796 1.217697e-03 2.272199e-05 
2.984923 0.014945 1.183347e-03 2.375164e-05 
3.015116 0.015097 1.210449e-03 2.333437e-05 
3.045615 0.015249 1.173144e-03 2.247057e-05 
3.076422 0.015404 1.184064e-03 2.381100e-05 
3.107541 0.015559 1.151515e-03 2.393541e-05 
3.138974 0.015717 1.186549e-03 2.340045e-05 
3.170726 0.015876 1.208299e-03 2.350339e-05 
3.202799 0.016036 1.145472e-03 2.383551e-05 
3.235196 0.016199 1.198135e-03 2.383594e-05 
3.267921 0.016362 1.164948e-03 2.361666e-05 
3.300977 0.016528 1.207032e-03 2.436498e-05 
3.334367 0.016695 1.176312e-03 2.398510e-05 
3.368095 0.016864 1.168775e-03 2.341421e-05 
3.402164 0.017035 1.185492e-03 2.365480e-05 
3.436578 0.017207 1.149715e-03 2.396864e-05 
3.471340 0.017381 1.182317e-03 2.425338e-05 
3.506454 0.017557 1.171224e-03 2.424569e-05 
3.541922 0.017734 1.127597e-03 2.411689e-05 
3.577750 0.017914 1.191909e-03 2.421618e-05 
3.613940 0.018095 1.166551e-03 2.487424e-05 
3.650496 0.018278 1.118402e-03 2.555575e-05 
3.687422 0.018463 1.168785e-03 2.518329e-05 
3.724721 0.018650 1.159599e-03 2.589188e-05 
3.762398 0.018838 1.170327e-03 2.612836e-05 
3.800455 0.019029 1.184755e-03 2.600688e-05 
3.838898 0.019221 1.178906e-03 2.654708e-05 
3.877729 0.019416 1.153350e-03 2.611765e-05 
3.916954 0.019612 1.169490e-03 2.623600e-05 
3.956575 0.019811 1.146420e-03 2.681676e-05 
3.996597 0.020011 1.149097e-03 2.737278e-05 
4.037023 0.020213 1.114520e-03 2.755427e-05 
4.077859 0.020418 1.157805e-03 2.769818e-05 
4.119108 0.020624 1.139861e-03 2.785511e-05 
4.160774 0.020833 1.159636e-03 2.907699e-05 
4.202861 0.021044 1.204533e-03 2.938125e-05 
4.245374 0.021257 1.163781e-03 2.938487e-05 
4.288317 0.021472 1.191659e-03 3.005555e-05 
4.331695 0.021689 1.207421e-03 3.071307e-05 
4.375511 0.021908 1.187962e-03 3.244752e-05 
4.419770 0.022130 1.201198e-03 3.352827e-05 
4.464478 0.022354 1.208951e-03 3.366273e-05 
4.509637 0.022580 1.155342e-03 3.444051e-05 
4.555253 0.022808 1.172328e-03 3.469050e-05 
4.601331 0.023039 1.155911e-03 3.453455e-05 
4.647875 0.023272 1.233514e-03 3.509273e-05 
4.694889 0.023507 1.162169e-03 3.547835e-05 
4.742379 0.023745 1.208306e-03 3.530663e-05 
4.790350 0.023985 1.225622e-03 3.653867e-05 
4.838805 0.024228 1.220247e-03 3.696978e-05 
4.887751 0.024473 1.227134e-03 3.743600e-05 
4.937192 0.024720 1.203848e-03 3.804680e-05 
4.987133 0.024971 1.180810e-03 3.795337e-05 
5.037580 0.025223 1.128572e-03 3.827188e-05 
5.088536 0.025478 1.175534e-03 3.941393e-05 
5.140008 0.025736 1.170152e-03 4.087525e-05 
5.192001 0.025996 1.147873e-03 4.290580e-05 
5.244519 0.026259 1.190169e-03 4.356023e-05 
5.297569 0.026525 1.144095e-03 4.356023e-05 
