0.60249549 0.00220776 1.34239739e-03 2.38542147e-04 
0.60691100 0.00225141 1.29146427e-03 2.27298429e-04 
0.61141382 0.00229722 1.04783182e-03 2.23484326e-04 
0.61600825 0.00234888 1.05851701e-03 2.27306732e-04 
0.62070602 0.00240384 8.71384193e-04 2.31864696e-04 
0.62551370 0.00245468 1.19105367e-03 2.25386476e-04 
0.63042306 0.00250763 9.59205870e-04 2.09820971e-04 
0.63543833 0.00256273 1.27834899e-03 1.97841530e-04 
0.64056378 0.00261995 1.16710143e-03 1.88557282e-04 
0.64580367 0.00267924 1.21308483e-03 1.77881212e-04 
0.65116215 0.00274061 1.09156659e-03 1.66008645e-04 
0.65664336 0.00280406 9.60937351e-04 1.53038724e-04 
0.66225147 0.00286952 1.31047266e-03 1.44866905e-04 
0.66799052 0.00293700 1.34624972e-03 1.43771227e-04 
0.67386451 0.00300648 1.16862774e-03 1.44679259e-04 
0.67987748 0.00307790 1.52070267e-03 1.42475542e-04 
0.68603329 0.00315127 1.03922825e-03 1.36555752e-04 
0.69233583 0.00323474 1.26460402e-03 1.25427387e-04 
0.69880532 0.00331490 1.20177591e-03 1.13164067e-04 
0.70543512 0.00339516 1.23067434e-03 1.06161752e-04 
0.71222545 0.00347719 1.19415358e-03 1.03695249e-04 
0.71917983 0.00356872 1.19459517e-03 9.84765621e-05 
0.72631727 0.00366349 1.14984599e-03 8.99073334e-05 
0.73364424 0.00375172 1.12920569e-03 8.27353858e-05 
0.74114769 0.00385384 1.14101434e-03 7.79099768e-05 
0.74885537 0.00395425 1.14072380e-03 7.47933305e-05 
0.75676388 0.00405574 1.15212224e-03 7.34035998e-05 
0.76487535 0.00416762 1.16449381e-03 7.33827928e-05 
0.77321060 0.00427571 1.26057830e-03 7.29146947e-05 
0.78176202 0.00439085 1.04357503e-03 7.09493601e-05 
0.79054373 0.00451229 1.14935216e-03 6.84400497e-05 
0.79956830 0.00462938 1.16200431e-03 6.61141693e-05 
0.80882707 0.00475737 1.11081477e-03 6.43926631e-05 
0.81834181 0.00488978 1.16750881e-03 6.32897418e-05 
0.82812137 0.00502093 1.14927365e-03 6.27083131e-05 
0.83816323 0.00515688 1.16015706e-03 6.26964807e-05 
0.84847698 0.00529732 1.19683969e-03 6.24623324e-05 
0.85907162 0.00544173 1.24093527e-03 6.12191154e-05 
0.86995507 0.00558975 1.15042646e-03 5.95397311e-05 
0.88113457 0.00574092 1.17350368e-03 5.80825775e-05 
0.89261641 0.00589481 1.25208534e-03 5.67470031e-05 
0.90440602 0.00605090 1.22944306e-03 5.53863469e-05 
0.91650782 0.00620886 1.22059280e-03 5.39961198e-05 
0.92892554 0.00637727 1.19926139e-03 5.28204542e-05 
0.94168008 0.00653892 1.21627621e-03 5.16562308e-05 
0.95475792 0.00670384 1.16756980e-03 5.04722977e-05 
0.96816560 0.00687511 1.09346519e-03 4.93010183e-05 
0.98191582 0.00704119 1.16850355e-03 4.80118472e-05 
0.99599819 0.00721201 1.16326862e-03 4.67627840e-05 
1.01042222 0.00738248 1.11227414e-03 4.55592859e-05 
1.02518718 0.00754954 1.14788908e-03 4.43830719e-05 
1.04028627 0.00771678 1.19210608e-03 4.32396615e-05 
1.05571983 0.00788500 1.18667830e-03 4.21003851e-05 
1.07148984 0.00804894 1.12144158e-03 4.09872548e-05 
1.08758772 0.00820941 1.13271293e-03 3.99377493e-05 
1.10400653 0.00836650 1.20121336e-03 3.90219785e-05 
1.12073952 0.00851931 1.16250290e-03 3.82393337e-05 
1.13777815 0.00866884 1.22130543e-03 3.75365687e-05 
1.15511582 0.00881225 1.19914893e-03 3.69114742e-05 
1.17274032 0.00894887 1.13674552e-03 3.64258001e-05 
1.19063806 0.00907888 1.21580972e-03 3.59878261e-05 
1.20879581 0.00920401 1.18924426e-03 3.54777807e-05 
1.22720383 0.00932104 1.13174403e-03 3.50717034e-05 
1.24584591 0.00942935 1.13683639e-03 3.48104630e-05 
1.26470461 0.00953285 1.09256136e-03 3.47008473e-05 
1.28377032 0.00962502 1.17499885e-03 3.46981436e-05 
1.30302036 0.00971258 1.19971216e-03 3.47479289e-05 
1.32244553 0.00978910 1.18987834e-03 3.48620231e-05 
1.34202372 0.00985975 1.14480103e-03 3.50110539e-05 
1.36174323 0.00992112 1.12499441e-03 3.51761321e-05 
1.38158547 0.00997498 1.22403324e-03 3.54050128e-05 
1.40153543 0.01002180 1.17543872e-03 3.56755684e-05 
1.42157904 0.01006041 1.10433993e-03 3.58805022e-05 
1.44169986 0.01009212 1.16400505e-03 3.60453468e-05 
1.46188411 0.01011719 1.16017519e-03 3.62374041e-05 
1.48211848 0.01013524 1.17923691e-03 3.64153132e-05 
1.50238897 0.01014723 1.15292974e-03 3.65131166e-05 
1.52268342 0.01015332 1.11814816e-03 3.65460298e-05 
1.54299006 0.01015374 1.09629452e-03 3.65941687e-05 
1.56329753 0.01014916 1.21193138e-03 3.66652322e-05 
1.58359584 0.01013948 1.18433253e-03 3.67459145e-05 
1.60387480 0.01012540 1.18201447e-03 3.68728169e-05 
1.62412561 0.01010726 1.14090149e-03 3.70220898e-05 
1.64434013 0.01008478 1.19699525e-03 3.71522512e-05 
1.66450969 0.01005918 1.15864465e-03 3.74844787e-05 
1.68462805 0.01003051 1.13181551e-03 3.79038896e-05 
1.70468907 0.00999820 1.18694594e-03 3.84209879e-05 
1.72468546 0.00996387 1.12409265e-03 3.90025052e-05 
1.74461319 0.00992698 1.17258215e-03 3.96413267e-05 
1.76446716 0.00988738 1.18044364e-03 4.03722163e-05 
1.78424191 0.00984688 1.08607457e-03 4.11393554e-05 
1.80393566 0.00980339 1.17800544e-03 4.18521626e-05 
1.82354244 0.00975955 1.17766192e-03 4.24989819e-05 
1.84306154 0.00971355 1.17060309e-03 4.31596670e-05 
1.86248864 0.00966680 1.14336310e-03 4.37566278e-05 
1.88182225 0.00961891 1.20161640e-03 4.42158715e-05 
1.90106006 0.00957027 1.19207697e-03 4.45734206e-05 
1.92020060 0.00952052 1.13144199e-03 4.51304700e-05 
1.93924164 0.00947083 1.20596664e-03 4.58962755e-05 
1.95818331 0.00941969 1.11785359e-03 4.64717214e-05 
1.97702270 0.00936940 1.16874459e-03 4.69605330e-05 
1.99576150 0.00931715 1.17550203e-03 4.70725485e-05 
2.01439579 0.00926629 1.21197491e-03 4.69741300e-05 
2.03292838 0.00921492 1.24146972e-03 4.71379395e-05 
2.05135822 0.00916252 1.16603684e-03 4.75103521e-05 
2.06968327 0.00911134 1.16649106e-03 4.79435819e-05 
2.08790594 0.00906009 1.11569400e-03 4.83252033e-05 
2.10602612 0.00900786 1.16448300e-03 4.86471747e-05 
2.12404184 0.00895670 1.18260578e-03 4.88974514e-05 
2.14195523 0.00890595 1.19084748e-03 4.90964881e-05 
2.15976714 0.00885524 1.11845753e-03 4.93658813e-05 
2.17747763 0.00880397 1.21001621e-03 4.97004415e-05 
2.19508556 0.00875378 1.06640925e-03 5.01226270e-05 
2.21259313 0.00870408 1.14248775e-03 5.04844481e-05 
2.23000129 0.00865450 1.25973128e-03 5.07543661e-05 
2.24731029 0.00860530 1.12842831e-03 5.10339195e-05 
2.26452090 0.00855665 1.12972887e-03 5.14504394e-05 
2.28163419 0.00850795 1.08300761e-03 5.20889559e-05 
2.29865010 0.00845976 1.18052013e-03 5.28993993e-05 
2.31556962 0.00841217 1.18872100e-03 5.37359571e-05 
2.33239397 0.00836521 1.14950608e-03 5.44728977e-05 
2.34912439 0.00831860 1.20200494e-03 5.51066319e-05 
2.36576159 0.00827233 1.05638120e-03 5.57233019e-05 
2.38230624 0.00822663 1.12619083e-03 5.64546181e-05 
2.39875951 0.00818132 1.18132130e-03 5.71505462e-05 
2.41512215 0.00813664 1.05030704e-03 5.78289806e-05 
2.43139543 0.00809234 1.21666886e-03 5.87066601e-05 
2.44758011 0.00804843 1.14250389e-03 5.97617898e-05 
2.46367697 0.00800498 1.25020691e-03 6.09021359e-05 
2.47968693 0.00796182 1.15892438e-03 6.25990356e-05 
2.49561057 0.00791943 1.14594094e-03 6.45977117e-05 
2.51144944 0.00787767 1.30076712e-03 6.55993177e-05 
2.52720477 0.00783634 1.26622488e-03 6.57671825e-05 
2.54287744 0.00779541 1.29668375e-03 6.56746217e-05 
2.55846827 0.00775499 1.15281311e-03 6.56396506e-05 
2.57397825 0.00771452 1.15920068e-03 6.57452358e-05 
2.58940728 0.00767474 1.25913008e-03 6.58911075e-05 
2.60475676 0.00763575 1.28110586e-03 6.61491211e-05 
2.62002826 0.00759737 1.16219908e-03 6.67030845e-05 
2.63522299 0.00755919 1.11086673e-03 6.73777689e-05 
2.65034138 0.00752058 1.27227519e-03 6.78690594e-05 
2.66538253 0.00748357 1.17183132e-03 6.80542905e-05 
2.68034967 0.00744703 1.13736235e-03 6.81050012e-05 
2.69524372 0.00740998 1.08479096e-03 6.85707311e-05 
2.71006369 0.00737376 1.14292004e-03 6.93335322e-05 
2.72481121 0.00733867 1.17508847e-03 7.00494357e-05 
2.73948854 0.00730305 1.16624026e-03 7.08856199e-05 
2.75409463 0.00726786 1.09239924e-03 7.17846158e-05 
2.76863036 0.00723404 1.17656740e-03 7.26453041e-05 
2.78309843 0.00719931 1.12887158e-03 7.35184333e-05 
2.79749705 0.00716587 1.12438823e-03 7.44433078e-05 
2.81182879 0.00713292 1.12419674e-03 7.53891475e-05 
2.82609463 0.00709915 1.20587687e-03 7.59502147e-05 
2.84029292 0.00706752 1.19608862e-03 7.62502212e-05 
2.85442797 0.00703454 1.13070542e-03 7.65579535e-05 
2.86849704 0.00700326 1.14449689e-03 7.68314854e-05 
2.88250357 0.00697141 1.12976557e-03 7.72664364e-05 
2.89644639 0.00694048 1.21267346e-03 7.81640415e-05 
2.91032736 0.00690967 1.17582966e-03 7.92329333e-05 
2.92414669 0.00687927 1.23349041e-03 8.01627686e-05 
2.93790524 0.00684913 1.25350697e-03 8.09555665e-05 
2.95160350 0.00681949 1.35381703e-03 8.16663933e-05 
2.96524248 0.00678991 1.11611937e-03 8.22709381e-05 
2.97882230 0.00676101 1.28989802e-03 8.26416587e-05 
2.99234433 0.00673173 1.12340463e-03 8.30912485e-05 
3.00580779 0.00670414 1.19117763e-03 8.36959317e-05 
3.01921607 0.00667488 1.31384235e-03 8.42380635e-05 
3.03256583 0.00664781 1.36799353e-03 8.47250998e-05 
3.04586146 0.00661961 1.04426521e-03 8.52031778e-05 
3.05910067 0.00659261 1.12009742e-03 8.54635470e-05 
3.07228590 0.00656597 1.19275989e-03 8.57988137e-05 
3.08541785 0.00653843 1.06344625e-03 8.64547942e-05 
3.09849471 0.00651275 1.20812565e-03 8.70550560e-05 
3.11152021 0.00648631 1.17109934e-03 8.77266113e-05 
3.12449283 0.00646013 1.19651408e-03 8.84691492e-05 
3.13741309 0.00643507 1.36706596e-03 8.88223944e-05 
3.15028324 0.00640937 1.28329380e-03 8.89307219e-05 
3.16310199 0.00638425 1.28646550e-03 8.92465725e-05 
3.17587048 0.00635982 1.18649517e-03 8.99391419e-05 
3.18859013 0.00633494 1.04619509e-03 9.05899530e-05 
3.20126001 0.00631033 1.02966216e-03 9.08424298e-05 
3.21388066 0.00628672 1.12538054e-03 9.11697787e-05 
3.22645410 0.00626316 1.15449302e-03 9.18146578e-05 
3.23898042 0.00623862 9.98698169e-04 9.22522234e-05 
3.25145766 0.00621554 1.14216710e-03 9.23399252e-05 
3.26388875 0.00619274 1.16111198e-03 9.27538343e-05 
3.27627423 0.00617001 1.15834211e-03 9.35616114e-05 
3.28861424 0.00614655 1.22542578e-03 9.39968424e-05 
3.30090734 0.00612429 1.18490830e-03 9.40132929e-05 
3.31315592 0.00610226 1.05740348e-03 9.42610126e-05 
3.32536044 0.00608044 1.16337967e-03 9.47626072e-05 
3.33752132 0.00605823 1.13681751e-03 9.54833258e-05 
3.34963778 0.00603646 1.29487399e-03 9.61207027e-05 
3.36171070 0.00601515 9.69940546e-04 9.64030915e-05 
3.37374099 0.00599417 1.09336103e-03 9.65226296e-05 
3.38572934 0.00597320 1.06003108e-03 9.70382775e-05 
3.39767575 0.00595247 1.15281464e-03 9.78973185e-05 
3.40958070 0.00593135 1.24103067e-03 9.83593313e-05 
3.42144339 0.00591097 1.24092166e-03 9.83992778e-05 
3.43326533 0.00589078 1.33730538e-03 9.86903119e-05 
3.44504689 0.00587081 1.35121440e-03 9.95130041e-05 
3.45678852 0.00585093 1.24200840e-03 1.00190638e-04 
3.46849038 0.00583130 1.17887262e-03 1.00360098e-04 
3.48015298 0.00581184 1.00670603e-03 1.00583755e-04 
3.49177666 0.00579218 1.12769190e-03 1.00964054e-04 
3.50336103 0.00577293 1.16189674e-03 1.01459644e-04 
3.51490689 0.00575406 1.07957078e-03 1.02141292e-04 
3.52641501 0.00573518 1.13303074e-03 1.02630411e-04 
3.53788538 0.00571652 1.07436819e-03 1.02872707e-04 
3.54931842 0.00569809 1.10407021e-03 1.03262484e-04 
3.56071459 0.00567968 1.01908079e-03 1.03877354e-04 
3.57207395 0.00566146 1.24563511e-03 1.04595366e-04 
3.58339686 0.00564349 1.11060677e-03 1.05184779e-04 
3.59468384 0.00562555 1.28669615e-03 1.05629962e-04 
3.60593495 0.00560777 1.13762609e-03 1.05940858e-04 
3.61715049 0.00559022 1.28738135e-03 1.06433783e-04 
3.62833093 0.00557279 1.11730196e-03 1.07277854e-04 
3.63947650 0.00555548 1.17801786e-03 1.07994748e-04 
3.65058746 0.00553834 1.12233977e-03 1.08399581e-04 
3.66166414 0.00552137 1.25236597e-03 1.08778173e-04 
3.67270688 0.00550436 1.19975936e-03 1.09159845e-04 
3.68371560 0.00548777 1.24953987e-03 1.09707980e-04 
3.69469114 0.00547111 1.15546769e-03 1.10383996e-04 
3.70563336 0.00545454 1.17584175e-03 1.10948485e-04 
3.71654244 0.00543826 1.05209583e-03 1.11310389e-04 
3.72741895 0.00542217 1.28657164e-03 1.11890083e-04 
3.73826330 0.00540594 1.02376040e-03 1.12504673e-04 
3.74907518 0.00539019 1.01843755e-03 1.12896302e-04 
3.75985555 0.00537428 1.11383189e-03 1.13711058e-04 
3.77060410 0.00535861 1.14739143e-03 1.14693680e-04 
3.78132132 0.00534318 1.20435081e-03 1.15065059e-04 
3.79200769 0.00532756 1.25690481e-03 1.15198636e-04 
3.80266281 0.00531239 1.17119161e-03 1.15918507e-04 
3.81328758 0.00529711 1.03296700e-03 1.16809560e-04 
3.82388180 0.00528202 1.05804127e-03 1.17331133e-04 
3.83444584 0.00526724 1.19283975e-03 1.17909970e-04 
3.84498032 0.00525236 1.32257747e-03 1.18403674e-04 
3.85548505 0.00523764 1.15665427e-03 1.18858902e-04 
3.86596033 0.00522285 1.12847337e-03 1.19357597e-04 
3.87640603 0.00520817 9.69615913e-04 1.19859419e-04 
3.88682238 0.00519393 1.22631409e-03 1.20582634e-04 
3.89721024 0.00517951 1.13462390e-03 1.21363717e-04 
3.90756925 0.00516540 1.08495360e-03 1.21914188e-04 
3.91790005 0.00515147 1.16672508e-03 1.22471064e-04 
3.92820299 0.00513757 1.23279640e-03 1.23182040e-04 
3.93847813 0.00512371 1.19132515e-03 1.23912061e-04 
3.94872555 0.00510959 9.66300510e-04 1.24478568e-04 
3.95894474 0.00509587 1.11126697e-03 1.25064637e-04 
3.96913647 0.00508243 1.36179828e-03 1.25891314e-04 
3.97930134 0.00506894 1.12912386e-03 1.27037069e-04 
3.98943922 0.00505562 1.35120102e-03 1.27715683e-04 
3.99955045 0.00504248 1.09346047e-03 1.27825930e-04 
4.00963541 0.00502922 1.21518904e-03 1.28261441e-04 
4.01969385 0.00501569 1.35862179e-03 1.28982500e-04 
4.02972523 0.00500274 1.11827487e-03 1.29626358e-04 
4.03973071 0.00499006 1.19289672e-03 1.30408021e-04 
4.04971084 0.00497724 1.05752655e-03 1.31269437e-04 
4.05966532 0.00496480 1.29603838e-03 1.32153125e-04 
4.06959492 0.00495158 1.44835081e-03 1.33063007e-04 
4.07949809 0.00493898 1.02029420e-03 1.33733281e-04 
4.08937605 0.00492687 8.75921265e-04 1.34150893e-04 
4.09922979 0.00491444 1.30939409e-03 1.34608306e-04 
4.10905866 0.00490232 1.35691688e-03 1.35297587e-04 
4.11886331 0.00488955 1.29174693e-03 1.35879430e-04 
4.12864241 0.00487755 8.67190801e-04 1.36480288e-04 
4.13839750 0.00486569 1.29553091e-03 1.37191197e-04 
4.14812889 0.00485371 1.17496916e-03 1.37970060e-04 
4.15783631 0.00484166 1.17524911e-03 1.38959967e-04 
4.16751963 0.00482969 1.28084918e-03 1.39782971e-04 
4.17717900 0.00481825 1.15414843e-03 1.40304713e-04 
4.18681551 0.00480680 1.09218913e-03 1.41051235e-04 
4.19642911 0.00479465 1.13160325e-03 1.41941764e-04 
4.20601842 0.00478327 1.31280813e-03 1.42594394e-04 
4.21558495 0.00477190 1.19887430e-03 1.42979342e-04 
4.22512876 0.00476099 1.08673870e-03 1.43307325e-04 
4.23465074 0.00474894 1.28231779e-03 1.43794618e-04 
4.24414861 0.00473794 1.05366740e-03 1.44668254e-04 
4.25362450 0.00472715 1.27241910e-03 1.45595018e-04 
4.26307879 0.00471571 1.19120453e-03 1.46357557e-04 
4.27251021 0.00470444 1.21020820e-03 1.46980909e-04 
4.28191909 0.00469391 1.16581326e-03 1.47909838e-04 
4.29130691 0.00468324 1.21072673e-03 1.50231500e-04 
4.30067340 0.00467197 1.25405166e-03 1.52892584e-04 
4.31001734 0.00466120 1.27281543e-03 1.53956256e-04 
4.31933973 0.00465109 1.32090525e-03 1.54279219e-04 
4.32864192 0.00464001 1.57196912e-03 1.54858303e-04 
4.33792195 0.00462937 1.52924825e-03 1.56038831e-04 
4.34718070 0.00461942 1.24177162e-03 1.58079145e-04 
4.35641954 0.00460857 1.23005526e-03 1.60237447e-04 
4.36563667 0.00459823 1.08088309e-03 1.61238442e-04 
4.37483312 0.00458809 1.07197953e-03 1.61487977e-04 
4.38400931 0.00457794 8.97073498e-04 1.61999728e-04 
4.39316518 0.00456736 1.28471572e-03 1.63247820e-04 
4.40229990 0.00455777 9.88463450e-04 1.65245839e-04 
4.41141544 0.00454752 7.81765411e-04 1.67107412e-04 
4.42051049 0.00453731 8.32538100e-04 1.68267059e-04 
4.42958510 0.00452787 1.04527465e-03 1.69127077e-04 
4.43864085 0.00451756 1.12041292e-03 1.69593838e-04 
4.44767596 0.00450794 1.32896803e-03 1.69922404e-04 
4.45669183 0.00449845 1.28529301e-03 1.70800517e-04 
4.46568873 0.00448828 1.02051118e-03 1.72149251e-04 
4.47466529 0.00447881 1.21183981e-03 1.73115457e-04 
4.48362291 0.00446962 1.18405328e-03 1.73609092e-04 
4.49256216 0.00445937 1.17373287e-03 1.74390907e-04 
4.50148091 0.00445052 1.28377371e-03 1.75284417e-04 
4.51038195 0.00444072 1.07230363e-03 1.76133247e-04 
4.51926338 0.00443133 1.24986172e-03 1.76797606e-04 
4.52812605 0.00442263 1.17311550e-03 1.77372054e-04 
4.53697131 0.00441237 1.00121457e-03 1.78310798e-04 
4.54579605 0.00440387 1.34675990e-03 1.79298036e-04 
4.55460379 0.00439440 8.90192021e-04 1.79785275e-04 
4.56339260 0.00438534 9.80453580e-04 1.80715261e-04 
4.57216327 0.00437664 1.16875141e-03 1.82052848e-04 
4.58091655 0.00436703 1.15110252e-03 1.83164372e-04 
4.58965062 0.00435854 1.24296528e-03 1.84677138e-04 
4.59836769 0.00434950 1.37990050e-03 1.85532463e-04 
4.60706668 0.00434061 1.23329216e-03 1.85800528e-04 
4.61574790 0.00433219 8.69625833e-04 1.86569219e-04 
4.62441228 0.00432272 9.46054296e-04 1.87256306e-04 
4.63305771 0.00431487 8.27058018e-04 1.87585123e-04 
4.64168744 0.00430535 8.36941500e-04 1.87932913e-04 
4.65029814 0.00429731 1.29334732e-03 1.88149011e-04 
4.65889276 0.00428834 7.80883312e-04 1.88263896e-04 
4.66746943 0.00427995 1.15319719e-03 1.88653798e-04 
4.67602933 0.00427171 1.42255065e-03 1.89765424e-04 
4.68457274 0.00426294 1.36711442e-03 1.91085363e-04 
4.69309861 0.00425504 1.17284712e-03 1.92285094e-04 
4.70160869 0.00424598 8.36098187e-04 1.93121332e-04 
4.71010064 0.00423849 1.41290231e-03 1.93234433e-04 
4.71857761 0.00422929 1.13862677e-03 1.93190701e-04 
4.72703619 0.00422189 1.37379277e-03 1.93403418e-04 
4.73547996 0.00421302 1.37992892e-03 1.94089094e-04 
4.74390599 0.00420549 1.32906832e-03 1.94899174e-04 
4.75231698 0.00419692 1.42732341e-03 1.95658542e-04 
4.76071081 0.00418930 1.18914593e-03 1.96641175e-04 
4.76908942 0.00418098 8.93072388e-04 1.97804320e-04 
4.77745137 0.00417331 1.10460038e-03 1.98400094e-04 
4.78579800 0.00416520 1.11115114e-03 1.98667268e-04 
4.79412840 0.00415749 9.43572215e-04 1.99742005e-04 
4.80244338 0.00414939 1.10809966e-03 2.01326289e-04 
4.81074215 0.00414173 1.08627550e-03 2.01907025e-04 
4.81902562 0.00413392 1.14512693e-03 2.01376577e-04 
4.82729347 0.00412629 1.20152548e-03 2.01461838e-04 
4.83554605 0.00411843 1.18216255e-03 2.02820242e-04 
4.84378291 0.00411092 1.45009381e-03 2.04419508e-04 
4.85200476 0.00410327 1.27140397e-03 2.05458228e-04 
4.86021130 0.00409574 1.44735043e-03 2.06089997e-04 
4.86840278 0.00408808 1.04773129e-03 2.07118096e-04 
4.87657894 0.00408083 7.89770722e-04 2.08147435e-04 
4.88474061 0.00407304 1.09575843e-03 2.08998434e-04 
4.89288669 0.00406599 1.48217311e-03 2.09828126e-04 
4.90101868 0.00405815 1.08592030e-03 2.10017416e-04 
4.90913498 0.00405133 1.24976730e-03 2.10225227e-04 
4.91723763 0.00404341 1.11437026e-03 2.11304358e-04 
4.92532445 0.00403684 1.37528775e-03 2.12641386e-04 
4.93339813 0.00402881 1.13898042e-03 2.13503794e-04 
4.94145575 0.00402241 1.07310674e-03 2.14330933e-04 
4.94950057 0.00401435 1.50619715e-03 2.15435270e-04 
4.95752927 0.00400800 1.29291876e-03 2.16337723e-04 
4.96554527 0.00400024 1.10568469e-03 2.16741169e-04 
4.97354574 0.00399369 8.81549138e-04 2.17000567e-04 
4.98153313 0.00398622 9.52407082e-04 2.17638515e-04 
4.98950557 0.00397949 1.13019662e-03 2.18567059e-04 
4.99746454 0.00397245 1.41584487e-03 2.19415974e-04 
5.00540945 0.00396542 1.11099044e-03 2.19966333e-04 
5.01334028 0.00395877 9.77059340e-04 2.21423293e-04 
5.02125783 0.00395140 1.24733521e-03 2.23179629e-04 
5.02916062 0.00394497 9.66022514e-04 2.23619584e-04 
5.03705057 0.00393789 1.17740997e-03 2.23505147e-04 
5.04492634 0.00393116 1.27525096e-03 2.24108590e-04 
5.05278867 0.00392456 1.56610044e-03 2.24884117e-04 
5.06063779 0.00391756 1.27931242e-03 2.26190702e-04 
5.06847291 0.00391145 9.12719407e-04 2.28706771e-04 
5.07629580 0.00390394 9.37479530e-04 2.31382281e-04 
5.08410367 0.00389802 9.19752505e-04 2.32935672e-04 
5.09189971 0.00389090 1.00698372e-03 2.33921607e-04 
5.09968151 0.00388458 1.07806334e-03 2.34791315e-04 
5.10745066 0.00387820 8.47346907e-04 2.35474332e-04 
5.11520706 0.00387119 1.03934854e-03 2.36777383e-04 
5.12294944 0.00386541 1.39923858e-03 2.39065768e-04 
5.13068025 0.00385822 1.24159205e-03 2.40919200e-04 
5.13839669 0.00385224 1.08136701e-03 2.42250324e-04 
5.14610117 0.00384567 1.22575699e-03 2.43866716e-04 
5.15379250 0.00383921 8.10089045e-04 2.45182181e-04 
5.16147092 0.00383323 1.29260066e-03 2.46806573e-04 
5.16913738 0.00382654 9.72236774e-04 2.48423847e-04 
5.17679046 0.00382031 8.55604038e-04 2.49895760e-04 
5.18443108 0.00381436 1.43909184e-03 2.51648041e-04 
5.19205980 0.00380752 1.11964260e-03 2.53728219e-04 
5.19967483 0.00380187 9.15620949e-04 2.55881831e-04 
5.20727858 0.00379528 1.22728035e-03 2.58206836e-04 
5.21486914 0.00378924 1.40881462e-03 2.57486392e-04 
5.22244762 0.00378370 1.13546144e-03 2.54859242e-04 
5.23001501 0.00377673 1.02618279e-03 2.56800719e-04 
5.23756847 0.00377125 1.41576300e-03 2.58907544e-04 
5.24511096 0.00376496 8.76505173e-04 2.58410866e-04 
5.25264089 0.00375875 1.13142217e-03 2.59625296e-04 
5.26015840 0.00375299 5.68419023e-04 2.62734410e-04 
5.26766438 0.00374698 1.09838784e-03 2.66267619e-04 
5.27515834 0.00374081 1.54533767e-03 2.69150753e-04 
5.28263997 0.00373546 1.04103121e-03 2.72440747e-04 
5.29011088 0.00372899 1.11135135e-03 2.79526728e-04 
5.29756885 0.00372899 1.16829663e-03 2.85831712e-04 
