Chemical species: H2O H2 SO2
P (bar) | log_H2O: -2σ | log_H2O: -1σ | log_H2O: median | log_H2O: +1σ | log_H2O: +2σ 
1.00000000e+02 -0.01363110 -0.00060880 -0.00003444 -0.00000007 -0.00000000 
8.11130831e+01 -0.01363110 -0.00060880 -0.00003444 -0.00000007 -0.00000000 
6.57933225e+01 -0.01363110 -0.00060880 -0.00003444 -0.00000007 -0.00000000 
5.33669923e+01 -0.01363110 -0.00060880 -0.00003444 -0.00000007 -0.00000000 
4.32876128e+01 -0.01363110 -0.00060880 -0.00003444 -0.00000007 -0.00000000 
3.51119173e+01 -0.01363110 -0.00060880 -0.00003444 -0.00000007 -0.00000000 
2.84803587e+01 -0.01363110 -0.00060880 -0.00003444 -0.00000007 -0.00000000 
2.31012970e+01 -0.01363110 -0.00060880 -0.00003444 -0.00000007 -0.00000000 
1.87381742e+01 -0.01363110 -0.00060880 -0.00003444 -0.00000007 -0.00000000 
1.51991108e+01 -0.01363110 -0.00060880 -0.00003444 -0.00000007 -0.00000000 
1.23284674e+01 -0.01363110 -0.00060880 -0.00003444 -0.00000007 -0.00000000 
1.00000000e+01 -0.01363110 -0.00060880 -0.00003444 -0.00000007 -0.00000000 
8.11130831e+00 -0.01363110 -0.00060880 -0.00003444 -0.00000007 -0.00000000 
6.57933225e+00 -0.01363110 -0.00060880 -0.00003444 -0.00000007 -0.00000000 
5.33669923e+00 -0.01363110 -0.00060880 -0.00003444 -0.00000007 -0.00000000 
4.32876128e+00 -0.01363110 -0.00060880 -0.00003444 -0.00000007 -0.00000000 
3.51119173e+00 -0.01363110 -0.00060880 -0.00003444 -0.00000007 -0.00000000 
2.84803587e+00 -0.01363110 -0.00060880 -0.00003444 -0.00000007 -0.00000000 
2.31012970e+00 -0.01363110 -0.00060880 -0.00003444 -0.00000007 -0.00000000 
1.87381742e+00 -0.01363110 -0.00060880 -0.00003444 -0.00000007 -0.00000000 
1.51991108e+00 -0.01363110 -0.00060880 -0.00003444 -0.00000007 -0.00000000 
1.23284674e+00 -0.01363110 -0.00060880 -0.00003444 -0.00000007 -0.00000000 
1.00000000e+00 -0.01363110 -0.00060880 -0.00003444 -0.00000007 -0.00000000 
8.11130831e-01 -0.01363110 -0.00060880 -0.00003444 -0.00000007 -0.00000000 
6.57933225e-01 -0.01363110 -0.00060880 -0.00003444 -0.00000007 -0.00000000 
5.33669923e-01 -0.01363110 -0.00060880 -0.00003444 -0.00000007 -0.00000000 
4.32876128e-01 -0.01363110 -0.00060880 -0.00003444 -0.00000007 -0.00000000 
3.51119173e-01 -0.01363110 -0.00060880 -0.00003444 -0.00000007 -0.00000000 
2.84803587e-01 -0.01363110 -0.00060880 -0.00003444 -0.00000007 -0.00000000 
2.31012970e-01 -0.01363110 -0.00060880 -0.00003444 -0.00000007 -0.00000000 
1.87381742e-01 -0.01363110 -0.00060880 -0.00003444 -0.00000007 -0.00000000 
1.51991108e-01 -0.01363110 -0.00060880 -0.00003444 -0.00000007 -0.00000000 
1.23284674e-01 -0.01363110 -0.00060880 -0.00003444 -0.00000007 -0.00000000 
1.00000000e-01 -0.01363110 -0.00060880 -0.00003444 -0.00000007 -0.00000000 
8.11130831e-02 -0.01363110 -0.00060880 -0.00003444 -0.00000007 -0.00000000 
6.57933225e-02 -0.01363110 -0.00060880 -0.00003444 -0.00000007 -0.00000000 
5.33669923e-02 -0.01363110 -0.00060880 -0.00003444 -0.00000007 -0.00000000 
4.32876128e-02 -0.01363110 -0.00060880 -0.00003444 -0.00000007 -0.00000000 
3.51119173e-02 -0.01363110 -0.00060880 -0.00003444 -0.00000007 -0.00000000 
2.84803587e-02 -0.01363110 -0.00060880 -0.00003444 -0.00000007 -0.00000000 
2.31012970e-02 -0.01363110 -0.00060880 -0.00003444 -0.00000007 -0.00000000 
1.87381742e-02 -0.01363110 -0.00060880 -0.00003444 -0.00000007 -0.00000000 
1.51991108e-02 -0.01363110 -0.00060880 -0.00003444 -0.00000007 -0.00000000 
1.23284674e-02 -0.01363110 -0.00060880 -0.00003444 -0.00000007 -0.00000000 
1.00000000e-02 -0.01363110 -0.00060880 -0.00003444 -0.00000007 -0.00000000 
8.11130831e-03 -0.01363110 -0.00060880 -0.00003444 -0.00000007 -0.00000000 
6.57933225e-03 -0.01363110 -0.00060880 -0.00003444 -0.00000007 -0.00000000 
5.33669923e-03 -0.01363110 -0.00060880 -0.00003444 -0.00000007 -0.00000000 
4.32876128e-03 -0.01363110 -0.00060880 -0.00003444 -0.00000007 -0.00000000 
3.51119173e-03 -0.01363110 -0.00060880 -0.00003444 -0.00000007 -0.00000000 
2.84803587e-03 -0.01363110 -0.00060880 -0.00003444 -0.00000007 -0.00000000 
2.31012970e-03 -0.01363110 -0.00060880 -0.00003444 -0.00000007 -0.00000000 
1.87381742e-03 -0.01363110 -0.00060880 -0.00003444 -0.00000007 -0.00000000 
1.51991108e-03 -0.01363110 -0.00060880 -0.00003444 -0.00000007 -0.00000000 
1.23284674e-03 -0.01363110 -0.00060880 -0.00003444 -0.00000007 -0.00000000 
1.00000000e-03 -0.01363110 -0.00060880 -0.00003444 -0.00000007 -0.00000000 
8.11130831e-04 -0.01363110 -0.00060880 -0.00003444 -0.00000007 -0.00000000 
6.57933225e-04 -0.01363110 -0.00060880 -0.00003444 -0.00000007 -0.00000000 
5.33669923e-04 -0.01363110 -0.00060880 -0.00003444 -0.00000007 -0.00000000 
4.32876128e-04 -0.01363110 -0.00060880 -0.00003444 -0.00000007 -0.00000000 
3.51119173e-04 -0.01363110 -0.00060880 -0.00003444 -0.00000007 -0.00000000 
2.84803587e-04 -0.01363110 -0.00060880 -0.00003444 -0.00000007 -0.00000000 
2.31012970e-04 -0.01363110 -0.00060880 -0.00003444 -0.00000007 -0.00000000 
1.87381742e-04 -0.01363110 -0.00060880 -0.00003444 -0.00000007 -0.00000000 
1.51991108e-04 -0.01363110 -0.00060880 -0.00003444 -0.00000007 -0.00000000 
1.23284674e-04 -0.01363110 -0.00060880 -0.00003444 -0.00000007 -0.00000000 
1.00000000e-04 -0.01363110 -0.00060880 -0.00003444 -0.00000007 -0.00000000 
8.11130831e-05 -0.01363110 -0.00060880 -0.00003444 -0.00000007 -0.00000000 
6.57933225e-05 -0.01363110 -0.00060880 -0.00003444 -0.00000007 -0.00000000 
5.33669923e-05 -0.01363110 -0.00060880 -0.00003444 -0.00000007 -0.00000000 
4.32876128e-05 -0.01363110 -0.00060880 -0.00003444 -0.00000007 -0.00000000 
3.51119173e-05 -0.01363110 -0.00060880 -0.00003444 -0.00000007 -0.00000000 
2.84803587e-05 -0.01363110 -0.00060880 -0.00003444 -0.00000007 -0.00000000 
2.31012970e-05 -0.01363110 -0.00060880 -0.00003444 -0.00000007 -0.00000000 
1.87381742e-05 -0.01363110 -0.00060880 -0.00003444 -0.00000007 -0.00000000 
1.51991108e-05 -0.01363110 -0.00060880 -0.00003444 -0.00000007 -0.00000000 
1.23284674e-05 -0.01363110 -0.00060880 -0.00003444 -0.00000007 -0.00000000 
1.00000000e-05 -0.01363110 -0.00060880 -0.00003444 -0.00000007 -0.00000000 
8.11130831e-06 -0.01363110 -0.00060880 -0.00003444 -0.00000007 -0.00000000 
6.57933225e-06 -0.01363110 -0.00060880 -0.00003444 -0.00000007 -0.00000000 
5.33669923e-06 -0.01363110 -0.00060880 -0.00003444 -0.00000007 -0.00000000 
4.32876128e-06 -0.01363110 -0.00060880 -0.00003444 -0.00000007 -0.00000000 
3.51119173e-06 -0.01363110 -0.00060880 -0.00003444 -0.00000007 -0.00000000 
2.84803587e-06 -0.01363110 -0.00060880 -0.00003444 -0.00000007 -0.00000000 
2.31012970e-06 -0.01363110 -0.00060880 -0.00003444 -0.00000007 -0.00000000 
1.87381742e-06 -0.01363110 -0.00060880 -0.00003444 -0.00000007 -0.00000000 
1.51991108e-06 -0.01363110 -0.00060880 -0.00003444 -0.00000007 -0.00000000 
1.23284674e-06 -0.01363110 -0.00060880 -0.00003444 -0.00000007 -0.00000000 
1.00000000e-06 -0.01363110 -0.00060880 -0.00003444 -0.00000007 -0.00000000 
8.11130831e-07 -0.01363110 -0.00060880 -0.00003444 -0.00000007 -0.00000000 
6.57933225e-07 -0.01363110 -0.00060880 -0.00003444 -0.00000007 -0.00000000 
5.33669923e-07 -0.01363110 -0.00060880 -0.00003444 -0.00000007 -0.00000000 
4.32876128e-07 -0.01363110 -0.00060880 -0.00003444 -0.00000007 -0.00000000 
3.51119173e-07 -0.01363110 -0.00060880 -0.00003444 -0.00000007 -0.00000000 
2.84803587e-07 -0.01363110 -0.00060880 -0.00003444 -0.00000007 -0.00000000 
2.31012970e-07 -0.01363110 -0.00060880 -0.00003444 -0.00000007 -0.00000000 
1.87381742e-07 -0.01363110 -0.00060880 -0.00003444 -0.00000007 -0.00000000 
1.51991108e-07 -0.01363110 -0.00060880 -0.00003444 -0.00000007 -0.00000000 
1.23284674e-07 -0.01363110 -0.00060880 -0.00003444 -0.00000007 -0.00000000 
1.00000000e-07 -0.01363110 -0.00060880 -0.00003444 -0.00000007 -0.00000000 
P (bar) | log_H2: -2σ | log_H2: -1σ | log_H2: median | log_H2: +1σ | log_H2: +2σ 
1.00000000e+02 -11.84148200 -10.14590687 -6.70432453 -3.19930732 -1.53270637 
8.11130831e+01 -11.84148200 -10.14590687 -6.70432453 -3.19930732 -1.53270637 
6.57933225e+01 -11.84148200 -10.14590687 -6.70432453 -3.19930732 -1.53270637 
5.33669923e+01 -11.84148200 -10.14590687 -6.70432453 -3.19930732 -1.53270637 
4.32876128e+01 -11.84148200 -10.14590687 -6.70432453 -3.19930732 -1.53270637 
3.51119173e+01 -11.84148200 -10.14590687 -6.70432453 -3.19930732 -1.53270637 
2.84803587e+01 -11.84148200 -10.14590687 -6.70432453 -3.19930732 -1.53270637 
2.31012970e+01 -11.84148200 -10.14590687 -6.70432453 -3.19930732 -1.53270637 
1.87381742e+01 -11.84148200 -10.14590687 -6.70432453 -3.19930732 -1.53270637 
1.51991108e+01 -11.84148200 -10.14590687 -6.70432453 -3.19930732 -1.53270637 
1.23284674e+01 -11.84148200 -10.14590687 -6.70432453 -3.19930732 -1.53270637 
1.00000000e+01 -11.84148200 -10.14590687 -6.70432453 -3.19930732 -1.53270637 
8.11130831e+00 -11.84148200 -10.14590687 -6.70432453 -3.19930732 -1.53270637 
6.57933225e+00 -11.84148200 -10.14590687 -6.70432453 -3.19930732 -1.53270637 
5.33669923e+00 -11.84148200 -10.14590687 -6.70432453 -3.19930732 -1.53270637 
4.32876128e+00 -11.84148200 -10.14590687 -6.70432453 -3.19930732 -1.53270637 
3.51119173e+00 -11.84148200 -10.14590687 -6.70432453 -3.19930732 -1.53270637 
2.84803587e+00 -11.84148200 -10.14590687 -6.70432453 -3.19930732 -1.53270637 
2.31012970e+00 -11.84148200 -10.14590687 -6.70432453 -3.19930732 -1.53270637 
1.87381742e+00 -11.84148200 -10.14590687 -6.70432453 -3.19930732 -1.53270637 
1.51991108e+00 -11.84148200 -10.14590687 -6.70432453 -3.19930732 -1.53270637 
1.23284674e+00 -11.84148200 -10.14590687 -6.70432453 -3.19930732 -1.53270637 
1.00000000e+00 -11.84148200 -10.14590687 -6.70432453 -3.19930732 -1.53270637 
8.11130831e-01 -11.84148200 -10.14590687 -6.70432453 -3.19930732 -1.53270637 
6.57933225e-01 -11.84148200 -10.14590687 -6.70432453 -3.19930732 -1.53270637 
5.33669923e-01 -11.84148200 -10.14590687 -6.70432453 -3.19930732 -1.53270637 
4.32876128e-01 -11.84148200 -10.14590687 -6.70432453 -3.19930732 -1.53270637 
3.51119173e-01 -11.84148200 -10.14590687 -6.70432453 -3.19930732 -1.53270637 
2.84803587e-01 -11.84148200 -10.14590687 -6.70432453 -3.19930732 -1.53270637 
2.31012970e-01 -11.84148200 -10.14590687 -6.70432453 -3.19930732 -1.53270637 
1.87381742e-01 -11.84148200 -10.14590687 -6.70432453 -3.19930732 -1.53270637 
1.51991108e-01 -11.84148200 -10.14590687 -6.70432453 -3.19930732 -1.53270637 
1.23284674e-01 -11.84148200 -10.14590687 -6.70432453 -3.19930732 -1.53270637 
1.00000000e-01 -11.84148200 -10.14590687 -6.70432453 -3.19930732 -1.53270637 
8.11130831e-02 -11.84148200 -10.14590687 -6.70432453 -3.19930732 -1.53270637 
6.57933225e-02 -11.84148200 -10.14590687 -6.70432453 -3.19930732 -1.53270637 
5.33669923e-02 -11.84148200 -10.14590687 -6.70432453 -3.19930732 -1.53270637 
4.32876128e-02 -11.84148200 -10.14590687 -6.70432453 -3.19930732 -1.53270637 
3.51119173e-02 -11.84148200 -10.14590687 -6.70432453 -3.19930732 -1.53270637 
2.84803587e-02 -11.84148200 -10.14590687 -6.70432453 -3.19930732 -1.53270637 
2.31012970e-02 -11.84148200 -10.14590687 -6.70432453 -3.19930732 -1.53270637 
1.87381742e-02 -11.84148200 -10.14590687 -6.70432453 -3.19930732 -1.53270637 
1.51991108e-02 -11.84148200 -10.14590687 -6.70432453 -3.19930732 -1.53270637 
1.23284674e-02 -11.84148200 -10.14590687 -6.70432453 -3.19930732 -1.53270637 
1.00000000e-02 -11.84148200 -10.14590687 -6.70432453 -3.19930732 -1.53270637 
8.11130831e-03 -11.84148200 -10.14590687 -6.70432453 -3.19930732 -1.53270637 
6.57933225e-03 -11.84148200 -10.14590687 -6.70432453 -3.19930732 -1.53270637 
5.33669923e-03 -11.84148200 -10.14590687 -6.70432453 -3.19930732 -1.53270637 
4.32876128e-03 -11.84148200 -10.14590687 -6.70432453 -3.19930732 -1.53270637 
3.51119173e-03 -11.84148200 -10.14590687 -6.70432453 -3.19930732 -1.53270637 
2.84803587e-03 -11.84148200 -10.14590687 -6.70432453 -3.19930732 -1.53270637 
2.31012970e-03 -11.84148200 -10.14590687 -6.70432453 -3.19930732 -1.53270637 
1.87381742e-03 -11.84148200 -10.14590687 -6.70432453 -3.19930732 -1.53270637 
1.51991108e-03 -11.84148200 -10.14590687 -6.70432453 -3.19930732 -1.53270637 
1.23284674e-03 -11.84148200 -10.14590687 -6.70432453 -3.19930732 -1.53270637 
1.00000000e-03 -11.84148200 -10.14590687 -6.70432453 -3.19930732 -1.53270637 
8.11130831e-04 -11.84148200 -10.14590687 -6.70432453 -3.19930732 -1.53270637 
6.57933225e-04 -11.84148200 -10.14590687 -6.70432453 -3.19930732 -1.53270637 
5.33669923e-04 -11.84148200 -10.14590687 -6.70432453 -3.19930732 -1.53270637 
4.32876128e-04 -11.84148200 -10.14590687 -6.70432453 -3.19930732 -1.53270637 
3.51119173e-04 -11.84148200 -10.14590687 -6.70432453 -3.19930732 -1.53270637 
2.84803587e-04 -11.84148200 -10.14590687 -6.70432453 -3.19930732 -1.53270637 
2.31012970e-04 -11.84148200 -10.14590687 -6.70432453 -3.19930732 -1.53270637 
1.87381742e-04 -11.84148200 -10.14590687 -6.70432453 -3.19930732 -1.53270637 
1.51991108e-04 -11.84148200 -10.14590687 -6.70432453 -3.19930732 -1.53270637 
1.23284674e-04 -11.84148200 -10.14590687 -6.70432453 -3.19930732 -1.53270637 
1.00000000e-04 -11.84148200 -10.14590687 -6.70432453 -3.19930732 -1.53270637 
8.11130831e-05 -11.84148200 -10.14590687 -6.70432453 -3.19930732 -1.53270637 
6.57933225e-05 -11.84148200 -10.14590687 -6.70432453 -3.19930732 -1.53270637 
5.33669923e-05 -11.84148200 -10.14590687 -6.70432453 -3.19930732 -1.53270637 
4.32876128e-05 -11.84148200 -10.14590687 -6.70432453 -3.19930732 -1.53270637 
3.51119173e-05 -11.84148200 -10.14590687 -6.70432453 -3.19930732 -1.53270637 
2.84803587e-05 -11.84148200 -10.14590687 -6.70432453 -3.19930732 -1.53270637 
2.31012970e-05 -11.84148200 -10.14590687 -6.70432453 -3.19930732 -1.53270637 
1.87381742e-05 -11.84148200 -10.14590687 -6.70432453 -3.19930732 -1.53270637 
1.51991108e-05 -11.84148200 -10.14590687 -6.70432453 -3.19930732 -1.53270637 
1.23284674e-05 -11.84148200 -10.14590687 -6.70432453 -3.19930732 -1.53270637 
1.00000000e-05 -11.84148200 -10.14590687 -6.70432453 -3.19930732 -1.53270637 
8.11130831e-06 -11.84148200 -10.14590687 -6.70432453 -3.19930732 -1.53270637 
6.57933225e-06 -11.84148200 -10.14590687 -6.70432453 -3.19930732 -1.53270637 
5.33669923e-06 -11.84148200 -10.14590687 -6.70432453 -3.19930732 -1.53270637 
4.32876128e-06 -11.84148200 -10.14590687 -6.70432453 -3.19930732 -1.53270637 
3.51119173e-06 -11.84148200 -10.14590687 -6.70432453 -3.19930732 -1.53270637 
2.84803587e-06 -11.84148200 -10.14590687 -6.70432453 -3.19930732 -1.53270637 
2.31012970e-06 -11.84148200 -10.14590687 -6.70432453 -3.19930732 -1.53270637 
1.87381742e-06 -11.84148200 -10.14590687 -6.70432453 -3.19930732 -1.53270637 
1.51991108e-06 -11.84148200 -10.14590687 -6.70432453 -3.19930732 -1.53270637 
1.23284674e-06 -11.84148200 -10.14590687 -6.70432453 -3.19930732 -1.53270637 
1.00000000e-06 -11.84148200 -10.14590687 -6.70432453 -3.19930732 -1.53270637 
8.11130831e-07 -11.84148200 -10.14590687 -6.70432453 -3.19930732 -1.53270637 
6.57933225e-07 -11.84148200 -10.14590687 -6.70432453 -3.19930732 -1.53270637 
5.33669923e-07 -11.84148200 -10.14590687 -6.70432453 -3.19930732 -1.53270637 
4.32876128e-07 -11.84148200 -10.14590687 -6.70432453 -3.19930732 -1.53270637 
3.51119173e-07 -11.84148200 -10.14590687 -6.70432453 -3.19930732 -1.53270637 
2.84803587e-07 -11.84148200 -10.14590687 -6.70432453 -3.19930732 -1.53270637 
2.31012970e-07 -11.84148200 -10.14590687 -6.70432453 -3.19930732 -1.53270637 
1.87381742e-07 -11.84148200 -10.14590687 -6.70432453 -3.19930732 -1.53270637 
1.51991108e-07 -11.84148200 -10.14590687 -6.70432453 -3.19930732 -1.53270637 
1.23284674e-07 -11.84148200 -10.14590687 -6.70432453 -3.19930732 -1.53270637 
1.00000000e-07 -11.84148200 -10.14590687 -6.70432453 -3.19930732 -1.53270637 
P (bar) | log_SO2: -2σ | log_SO2: -1σ | log_SO2: median | log_SO2: +1σ | log_SO2: +2σ 
1.00000000e+02 -11.58927487 -9.24674379 -4.74431849 -3.50566857 -2.82010488 
8.11130831e+01 -11.58927487 -9.24674379 -4.74431849 -3.50566857 -2.82010488 
6.57933225e+01 -11.58927487 -9.24674379 -4.74431849 -3.50566857 -2.82010488 
5.33669923e+01 -11.58927487 -9.24674379 -4.74431849 -3.50566857 -2.82010488 
4.32876128e+01 -11.58927487 -9.24674379 -4.74431849 -3.50566857 -2.82010488 
3.51119173e+01 -11.58927487 -9.24674379 -4.74431849 -3.50566857 -2.82010488 
2.84803587e+01 -11.58927487 -9.24674379 -4.74431849 -3.50566857 -2.82010488 
2.31012970e+01 -11.58927487 -9.24674379 -4.74431849 -3.50566857 -2.82010488 
1.87381742e+01 -11.58927487 -9.24674379 -4.74431849 -3.50566857 -2.82010488 
1.51991108e+01 -11.58927487 -9.24674379 -4.74431849 -3.50566857 -2.82010488 
1.23284674e+01 -11.58927487 -9.24674379 -4.74431849 -3.50566857 -2.82010488 
1.00000000e+01 -11.58927487 -9.24674379 -4.74431849 -3.50566857 -2.82010488 
8.11130831e+00 -11.58927487 -9.24674379 -4.74431849 -3.50566857 -2.82010488 
6.57933225e+00 -11.58927487 -9.24674379 -4.74431849 -3.50566857 -2.82010488 
5.33669923e+00 -11.58927487 -9.24674379 -4.74431849 -3.50566857 -2.82010488 
4.32876128e+00 -11.58927487 -9.24674379 -4.74431849 -3.50566857 -2.82010488 
3.51119173e+00 -11.58927487 -9.24674379 -4.74431849 -3.50566857 -2.82010488 
2.84803587e+00 -11.58927487 -9.24674379 -4.74431849 -3.50566857 -2.82010488 
2.31012970e+00 -11.58927487 -9.24674379 -4.74431849 -3.50566857 -2.82010488 
1.87381742e+00 -11.58927487 -9.24674379 -4.74431849 -3.50566857 -2.82010488 
1.51991108e+00 -11.58927487 -9.24674379 -4.74431849 -3.50566857 -2.82010488 
1.23284674e+00 -11.58927487 -9.24674379 -4.74431849 -3.50566857 -2.82010488 
1.00000000e+00 -11.58927487 -9.24674379 -4.74431849 -3.50566857 -2.82010488 
8.11130831e-01 -11.58927487 -9.24674379 -4.74431849 -3.50566857 -2.82010488 
6.57933225e-01 -11.58927487 -9.24674379 -4.74431849 -3.50566857 -2.82010488 
5.33669923e-01 -11.58927487 -9.24674379 -4.74431849 -3.50566857 -2.82010488 
4.32876128e-01 -11.58927487 -9.24674379 -4.74431849 -3.50566857 -2.82010488 
3.51119173e-01 -11.58927487 -9.24674379 -4.74431849 -3.50566857 -2.82010488 
2.84803587e-01 -11.58927487 -9.24674379 -4.74431849 -3.50566857 -2.82010488 
2.31012970e-01 -11.58927487 -9.24674379 -4.74431849 -3.50566857 -2.82010488 
1.87381742e-01 -11.58927487 -9.24674379 -4.74431849 -3.50566857 -2.82010488 
1.51991108e-01 -11.58927487 -9.24674379 -4.74431849 -3.50566857 -2.82010488 
1.23284674e-01 -11.58927487 -9.24674379 -4.74431849 -3.50566857 -2.82010488 
1.00000000e-01 -11.58927487 -9.24674379 -4.74431849 -3.50566857 -2.82010488 
8.11130831e-02 -11.58927487 -9.24674379 -4.74431849 -3.50566857 -2.82010488 
6.57933225e-02 -11.58927487 -9.24674379 -4.74431849 -3.50566857 -2.82010488 
5.33669923e-02 -11.58927487 -9.24674379 -4.74431849 -3.50566857 -2.82010488 
4.32876128e-02 -11.58927487 -9.24674379 -4.74431849 -3.50566857 -2.82010488 
3.51119173e-02 -11.58927487 -9.24674379 -4.74431849 -3.50566857 -2.82010488 
2.84803587e-02 -11.58927487 -9.24674379 -4.74431849 -3.50566857 -2.82010488 
2.31012970e-02 -11.58927487 -9.24674379 -4.74431849 -3.50566857 -2.82010488 
1.87381742e-02 -11.58927487 -9.24674379 -4.74431849 -3.50566857 -2.82010488 
1.51991108e-02 -11.58927487 -9.24674379 -4.74431849 -3.50566857 -2.82010488 
1.23284674e-02 -11.58927487 -9.24674379 -4.74431849 -3.50566857 -2.82010488 
1.00000000e-02 -11.58927487 -9.24674379 -4.74431849 -3.50566857 -2.82010488 
8.11130831e-03 -11.58927487 -9.24674379 -4.74431849 -3.50566857 -2.82010488 
6.57933225e-03 -11.58927487 -9.24674379 -4.74431849 -3.50566857 -2.82010488 
5.33669923e-03 -11.58927487 -9.24674379 -4.74431849 -3.50566857 -2.82010488 
4.32876128e-03 -11.58927487 -9.24674379 -4.74431849 -3.50566857 -2.82010488 
3.51119173e-03 -11.58927487 -9.24674379 -4.74431849 -3.50566857 -2.82010488 
2.84803587e-03 -11.58927487 -9.24674379 -4.74431849 -3.50566857 -2.82010488 
2.31012970e-03 -11.58927487 -9.24674379 -4.74431849 -3.50566857 -2.82010488 
1.87381742e-03 -11.58927487 -9.24674379 -4.74431849 -3.50566857 -2.82010488 
1.51991108e-03 -11.58927487 -9.24674379 -4.74431849 -3.50566857 -2.82010488 
1.23284674e-03 -11.58927487 -9.24674379 -4.74431849 -3.50566857 -2.82010488 
1.00000000e-03 -11.58927487 -9.24674379 -4.74431849 -3.50566857 -2.82010488 
8.11130831e-04 -11.58927487 -9.24674379 -4.74431849 -3.50566857 -2.82010488 
6.57933225e-04 -11.58927487 -9.24674379 -4.74431849 -3.50566857 -2.82010488 
5.33669923e-04 -11.58927487 -9.24674379 -4.74431849 -3.50566857 -2.82010488 
4.32876128e-04 -11.58927487 -9.24674379 -4.74431849 -3.50566857 -2.82010488 
3.51119173e-04 -11.58927487 -9.24674379 -4.74431849 -3.50566857 -2.82010488 
2.84803587e-04 -11.58927487 -9.24674379 -4.74431849 -3.50566857 -2.82010488 
2.31012970e-04 -11.58927487 -9.24674379 -4.74431849 -3.50566857 -2.82010488 
1.87381742e-04 -11.58927487 -9.24674379 -4.74431849 -3.50566857 -2.82010488 
1.51991108e-04 -11.58927487 -9.24674379 -4.74431849 -3.50566857 -2.82010488 
1.23284674e-04 -11.58927487 -9.24674379 -4.74431849 -3.50566857 -2.82010488 
1.00000000e-04 -11.58927487 -9.24674379 -4.74431849 -3.50566857 -2.82010488 
8.11130831e-05 -11.58927487 -9.24674379 -4.74431849 -3.50566857 -2.82010488 
6.57933225e-05 -11.58927487 -9.24674379 -4.74431849 -3.50566857 -2.82010488 
5.33669923e-05 -11.58927487 -9.24674379 -4.74431849 -3.50566857 -2.82010488 
4.32876128e-05 -11.58927487 -9.24674379 -4.74431849 -3.50566857 -2.82010488 
3.51119173e-05 -11.58927487 -9.24674379 -4.74431849 -3.50566857 -2.82010488 
2.84803587e-05 -11.58927487 -9.24674379 -4.74431849 -3.50566857 -2.82010488 
2.31012970e-05 -11.58927487 -9.24674379 -4.74431849 -3.50566857 -2.82010488 
1.87381742e-05 -11.58927487 -9.24674379 -4.74431849 -3.50566857 -2.82010488 
1.51991108e-05 -11.58927487 -9.24674379 -4.74431849 -3.50566857 -2.82010488 
1.23284674e-05 -11.58927487 -9.24674379 -4.74431849 -3.50566857 -2.82010488 
1.00000000e-05 -11.58927487 -9.24674379 -4.74431849 -3.50566857 -2.82010488 
8.11130831e-06 -11.58927487 -9.24674379 -4.74431849 -3.50566857 -2.82010488 
6.57933225e-06 -11.58927487 -9.24674379 -4.74431849 -3.50566857 -2.82010488 
5.33669923e-06 -11.58927487 -9.24674379 -4.74431849 -3.50566857 -2.82010488 
4.32876128e-06 -11.58927487 -9.24674379 -4.74431849 -3.50566857 -2.82010488 
3.51119173e-06 -11.58927487 -9.24674379 -4.74431849 -3.50566857 -2.82010488 
2.84803587e-06 -11.58927487 -9.24674379 -4.74431849 -3.50566857 -2.82010488 
2.31012970e-06 -11.58927487 -9.24674379 -4.74431849 -3.50566857 -2.82010488 
1.87381742e-06 -11.58927487 -9.24674379 -4.74431849 -3.50566857 -2.82010488 
1.51991108e-06 -11.58927487 -9.24674379 -4.74431849 -3.50566857 -2.82010488 
1.23284674e-06 -11.58927487 -9.24674379 -4.74431849 -3.50566857 -2.82010488 
1.00000000e-06 -11.58927487 -9.24674379 -4.74431849 -3.50566857 -2.82010488 
8.11130831e-07 -11.58927487 -9.24674379 -4.74431849 -3.50566857 -2.82010488 
6.57933225e-07 -11.58927487 -9.24674379 -4.74431849 -3.50566857 -2.82010488 
5.33669923e-07 -11.58927487 -9.24674379 -4.74431849 -3.50566857 -2.82010488 
4.32876128e-07 -11.58927487 -9.24674379 -4.74431849 -3.50566857 -2.82010488 
3.51119173e-07 -11.58927487 -9.24674379 -4.74431849 -3.50566857 -2.82010488 
2.84803587e-07 -11.58927487 -9.24674379 -4.74431849 -3.50566857 -2.82010488 
2.31012970e-07 -11.58927487 -9.24674379 -4.74431849 -3.50566857 -2.82010488 
1.87381742e-07 -11.58927487 -9.24674379 -4.74431849 -3.50566857 -2.82010488 
1.51991108e-07 -11.58927487 -9.24674379 -4.74431849 -3.50566857 -2.82010488 
1.23284674e-07 -11.58927487 -9.24674379 -4.74431849 -3.50566857 -2.82010488 
1.00000000e-07 -11.58927487 -9.24674379 -4.74431849 -3.50566857 -2.82010488 
