Chemical species: H2O CO2 H2
P (bar) | log_H2O: -2σ | log_H2O: -1σ | log_H2O: median | log_H2O: +1σ | log_H2O: +2σ 
1.00000000e+02 -0.03380583 -0.00431836 -0.00002761 -0.00000000 -0.00000000 
8.11130831e+01 -0.03380583 -0.00431836 -0.00002761 -0.00000000 -0.00000000 
6.57933225e+01 -0.03380583 -0.00431836 -0.00002761 -0.00000000 -0.00000000 
5.33669923e+01 -0.03380583 -0.00431836 -0.00002761 -0.00000000 -0.00000000 
4.32876128e+01 -0.03380583 -0.00431836 -0.00002761 -0.00000000 -0.00000000 
3.51119173e+01 -0.03380583 -0.00431836 -0.00002761 -0.00000000 -0.00000000 
2.84803587e+01 -0.03380583 -0.00431836 -0.00002761 -0.00000000 -0.00000000 
2.31012970e+01 -0.03380583 -0.00431836 -0.00002761 -0.00000000 -0.00000000 
1.87381742e+01 -0.03380583 -0.00431836 -0.00002761 -0.00000000 -0.00000000 
1.51991108e+01 -0.03380583 -0.00431836 -0.00002761 -0.00000000 -0.00000000 
1.23284674e+01 -0.03380583 -0.00431836 -0.00002761 -0.00000000 -0.00000000 
1.00000000e+01 -0.03380583 -0.00431836 -0.00002761 -0.00000000 -0.00000000 
8.11130831e+00 -0.03380583 -0.00431836 -0.00002761 -0.00000000 -0.00000000 
6.57933225e+00 -0.03380583 -0.00431836 -0.00002761 -0.00000000 -0.00000000 
5.33669923e+00 -0.03380583 -0.00431836 -0.00002761 -0.00000000 -0.00000000 
4.32876128e+00 -0.03380583 -0.00431836 -0.00002761 -0.00000000 -0.00000000 
3.51119173e+00 -0.03380583 -0.00431836 -0.00002761 -0.00000000 -0.00000000 
2.84803587e+00 -0.03380583 -0.00431836 -0.00002761 -0.00000000 -0.00000000 
2.31012970e+00 -0.03380583 -0.00431836 -0.00002761 -0.00000000 -0.00000000 
1.87381742e+00 -0.03380583 -0.00431836 -0.00002761 -0.00000000 -0.00000000 
1.51991108e+00 -0.03380583 -0.00431836 -0.00002761 -0.00000000 -0.00000000 
1.23284674e+00 -0.03380583 -0.00431836 -0.00002761 -0.00000000 -0.00000000 
1.00000000e+00 -0.03380583 -0.00431836 -0.00002761 -0.00000000 -0.00000000 
8.11130831e-01 -0.03380583 -0.00431836 -0.00002761 -0.00000000 -0.00000000 
6.57933225e-01 -0.03380583 -0.00431836 -0.00002761 -0.00000000 -0.00000000 
5.33669923e-01 -0.03380583 -0.00431836 -0.00002761 -0.00000000 -0.00000000 
4.32876128e-01 -0.03380583 -0.00431836 -0.00002761 -0.00000000 -0.00000000 
3.51119173e-01 -0.03380583 -0.00431836 -0.00002761 -0.00000000 -0.00000000 
2.84803587e-01 -0.03380583 -0.00431836 -0.00002761 -0.00000000 -0.00000000 
2.31012970e-01 -0.03380583 -0.00431836 -0.00002761 -0.00000000 -0.00000000 
1.87381742e-01 -0.03380583 -0.00431836 -0.00002761 -0.00000000 -0.00000000 
1.51991108e-01 -0.03380583 -0.00431836 -0.00002761 -0.00000000 -0.00000000 
1.23284674e-01 -0.03380583 -0.00431836 -0.00002761 -0.00000000 -0.00000000 
1.00000000e-01 -0.03380583 -0.00431836 -0.00002761 -0.00000000 -0.00000000 
8.11130831e-02 -0.03380583 -0.00431836 -0.00002761 -0.00000000 -0.00000000 
6.57933225e-02 -0.03380583 -0.00431836 -0.00002761 -0.00000000 -0.00000000 
5.33669923e-02 -0.03380583 -0.00431836 -0.00002761 -0.00000000 -0.00000000 
4.32876128e-02 -0.03380583 -0.00431836 -0.00002761 -0.00000000 -0.00000000 
3.51119173e-02 -0.03380583 -0.00431836 -0.00002761 -0.00000000 -0.00000000 
2.84803587e-02 -0.03380583 -0.00431836 -0.00002761 -0.00000000 -0.00000000 
2.31012970e-02 -0.03380583 -0.00431836 -0.00002761 -0.00000000 -0.00000000 
1.87381742e-02 -0.03380583 -0.00431836 -0.00002761 -0.00000000 -0.00000000 
1.51991108e-02 -0.03380583 -0.00431836 -0.00002761 -0.00000000 -0.00000000 
1.23284674e-02 -0.03380583 -0.00431836 -0.00002761 -0.00000000 -0.00000000 
1.00000000e-02 -0.03380583 -0.00431836 -0.00002761 -0.00000000 -0.00000000 
8.11130831e-03 -0.03380583 -0.00431836 -0.00002761 -0.00000000 -0.00000000 
6.57933225e-03 -0.03380583 -0.00431836 -0.00002761 -0.00000000 -0.00000000 
5.33669923e-03 -0.03380583 -0.00431836 -0.00002761 -0.00000000 -0.00000000 
4.32876128e-03 -0.03380583 -0.00431836 -0.00002761 -0.00000000 -0.00000000 
3.51119173e-03 -0.03380583 -0.00431836 -0.00002761 -0.00000000 -0.00000000 
2.84803587e-03 -0.03380583 -0.00431836 -0.00002761 -0.00000000 -0.00000000 
2.31012970e-03 -0.03380583 -0.00431836 -0.00002761 -0.00000000 -0.00000000 
1.87381742e-03 -0.03380583 -0.00431836 -0.00002761 -0.00000000 -0.00000000 
1.51991108e-03 -0.03380583 -0.00431836 -0.00002761 -0.00000000 -0.00000000 
1.23284674e-03 -0.03380583 -0.00431836 -0.00002761 -0.00000000 -0.00000000 
1.00000000e-03 -0.03380583 -0.00431836 -0.00002761 -0.00000000 -0.00000000 
8.11130831e-04 -0.03380583 -0.00431836 -0.00002761 -0.00000000 -0.00000000 
6.57933225e-04 -0.03380583 -0.00431836 -0.00002761 -0.00000000 -0.00000000 
5.33669923e-04 -0.03380583 -0.00431836 -0.00002761 -0.00000000 -0.00000000 
4.32876128e-04 -0.03380583 -0.00431836 -0.00002761 -0.00000000 -0.00000000 
3.51119173e-04 -0.03380583 -0.00431836 -0.00002761 -0.00000000 -0.00000000 
2.84803587e-04 -0.03380583 -0.00431836 -0.00002761 -0.00000000 -0.00000000 
2.31012970e-04 -0.03380583 -0.00431836 -0.00002761 -0.00000000 -0.00000000 
1.87381742e-04 -0.03380583 -0.00431836 -0.00002761 -0.00000000 -0.00000000 
1.51991108e-04 -0.03380583 -0.00431836 -0.00002761 -0.00000000 -0.00000000 
1.23284674e-04 -0.03380583 -0.00431836 -0.00002761 -0.00000000 -0.00000000 
1.00000000e-04 -0.03380583 -0.00431836 -0.00002761 -0.00000000 -0.00000000 
8.11130831e-05 -0.03380583 -0.00431836 -0.00002761 -0.00000000 -0.00000000 
6.57933225e-05 -0.03380583 -0.00431836 -0.00002761 -0.00000000 -0.00000000 
5.33669923e-05 -0.03380583 -0.00431836 -0.00002761 -0.00000000 -0.00000000 
4.32876128e-05 -0.03380583 -0.00431836 -0.00002761 -0.00000000 -0.00000000 
3.51119173e-05 -0.03380583 -0.00431836 -0.00002761 -0.00000000 -0.00000000 
2.84803587e-05 -0.03380583 -0.00431836 -0.00002761 -0.00000000 -0.00000000 
2.31012970e-05 -0.03380583 -0.00431836 -0.00002761 -0.00000000 -0.00000000 
1.87381742e-05 -0.03380583 -0.00431836 -0.00002761 -0.00000000 -0.00000000 
1.51991108e-05 -0.03380583 -0.00431836 -0.00002761 -0.00000000 -0.00000000 
1.23284674e-05 -0.03380583 -0.00431836 -0.00002761 -0.00000000 -0.00000000 
1.00000000e-05 -0.03380583 -0.00431836 -0.00002761 -0.00000000 -0.00000000 
8.11130831e-06 -0.03380583 -0.00431836 -0.00002761 -0.00000000 -0.00000000 
6.57933225e-06 -0.03380583 -0.00431836 -0.00002761 -0.00000000 -0.00000000 
5.33669923e-06 -0.03380583 -0.00431836 -0.00002761 -0.00000000 -0.00000000 
4.32876128e-06 -0.03380583 -0.00431836 -0.00002761 -0.00000000 -0.00000000 
3.51119173e-06 -0.03380583 -0.00431836 -0.00002761 -0.00000000 -0.00000000 
2.84803587e-06 -0.03380583 -0.00431836 -0.00002761 -0.00000000 -0.00000000 
2.31012970e-06 -0.03380583 -0.00431836 -0.00002761 -0.00000000 -0.00000000 
1.87381742e-06 -0.03380583 -0.00431836 -0.00002761 -0.00000000 -0.00000000 
1.51991108e-06 -0.03380583 -0.00431836 -0.00002761 -0.00000000 -0.00000000 
1.23284674e-06 -0.03380583 -0.00431836 -0.00002761 -0.00000000 -0.00000000 
1.00000000e-06 -0.03380583 -0.00431836 -0.00002761 -0.00000000 -0.00000000 
8.11130831e-07 -0.03380583 -0.00431836 -0.00002761 -0.00000000 -0.00000000 
6.57933225e-07 -0.03380583 -0.00431836 -0.00002761 -0.00000000 -0.00000000 
5.33669923e-07 -0.03380583 -0.00431836 -0.00002761 -0.00000000 -0.00000000 
4.32876128e-07 -0.03380583 -0.00431836 -0.00002761 -0.00000000 -0.00000000 
3.51119173e-07 -0.03380583 -0.00431836 -0.00002761 -0.00000000 -0.00000000 
2.84803587e-07 -0.03380583 -0.00431836 -0.00002761 -0.00000000 -0.00000000 
2.31012970e-07 -0.03380583 -0.00431836 -0.00002761 -0.00000000 -0.00000000 
1.87381742e-07 -0.03380583 -0.00431836 -0.00002761 -0.00000000 -0.00000000 
1.51991108e-07 -0.03380583 -0.00431836 -0.00002761 -0.00000000 -0.00000000 
1.23284674e-07 -0.03380583 -0.00431836 -0.00002761 -0.00000000 -0.00000000 
1.00000000e-07 -0.03380583 -0.00431836 -0.00002761 -0.00000000 -0.00000000 
P (bar) | log_CO2: -2σ | log_CO2: -1σ | log_CO2: median | log_CO2: +1σ | log_CO2: +2σ 
1.00000000e+02 -11.77133373 -10.32741668 -7.10160033 -2.90282514 -1.26805664 
8.11130831e+01 -11.77133373 -10.32741668 -7.10160033 -2.90282514 -1.26805664 
6.57933225e+01 -11.77133373 -10.32741668 -7.10160033 -2.90282514 -1.26805664 
5.33669923e+01 -11.77133373 -10.32741668 -7.10160033 -2.90282514 -1.26805664 
4.32876128e+01 -11.77133373 -10.32741668 -7.10160033 -2.90282514 -1.26805664 
3.51119173e+01 -11.77133373 -10.32741668 -7.10160033 -2.90282514 -1.26805664 
2.84803587e+01 -11.77133373 -10.32741668 -7.10160033 -2.90282514 -1.26805664 
2.31012970e+01 -11.77133373 -10.32741668 -7.10160033 -2.90282514 -1.26805664 
1.87381742e+01 -11.77133373 -10.32741668 -7.10160033 -2.90282514 -1.26805664 
1.51991108e+01 -11.77133373 -10.32741668 -7.10160033 -2.90282514 -1.26805664 
1.23284674e+01 -11.77133373 -10.32741668 -7.10160033 -2.90282514 -1.26805664 
1.00000000e+01 -11.77133373 -10.32741668 -7.10160033 -2.90282514 -1.26805664 
8.11130831e+00 -11.77133373 -10.32741668 -7.10160033 -2.90282514 -1.26805664 
6.57933225e+00 -11.77133373 -10.32741668 -7.10160033 -2.90282514 -1.26805664 
5.33669923e+00 -11.77133373 -10.32741668 -7.10160033 -2.90282514 -1.26805664 
4.32876128e+00 -11.77133373 -10.32741668 -7.10160033 -2.90282514 -1.26805664 
3.51119173e+00 -11.77133373 -10.32741668 -7.10160033 -2.90282514 -1.26805664 
2.84803587e+00 -11.77133373 -10.32741668 -7.10160033 -2.90282514 -1.26805664 
2.31012970e+00 -11.77133373 -10.32741668 -7.10160033 -2.90282514 -1.26805664 
1.87381742e+00 -11.77133373 -10.32741668 -7.10160033 -2.90282514 -1.26805664 
1.51991108e+00 -11.77133373 -10.32741668 -7.10160033 -2.90282514 -1.26805664 
1.23284674e+00 -11.77133373 -10.32741668 -7.10160033 -2.90282514 -1.26805664 
1.00000000e+00 -11.77133373 -10.32741668 -7.10160033 -2.90282514 -1.26805664 
8.11130831e-01 -11.77133373 -10.32741668 -7.10160033 -2.90282514 -1.26805664 
6.57933225e-01 -11.77133373 -10.32741668 -7.10160033 -2.90282514 -1.26805664 
5.33669923e-01 -11.77133373 -10.32741668 -7.10160033 -2.90282514 -1.26805664 
4.32876128e-01 -11.77133373 -10.32741668 -7.10160033 -2.90282514 -1.26805664 
3.51119173e-01 -11.77133373 -10.32741668 -7.10160033 -2.90282514 -1.26805664 
2.84803587e-01 -11.77133373 -10.32741668 -7.10160033 -2.90282514 -1.26805664 
2.31012970e-01 -11.77133373 -10.32741668 -7.10160033 -2.90282514 -1.26805664 
1.87381742e-01 -11.77133373 -10.32741668 -7.10160033 -2.90282514 -1.26805664 
1.51991108e-01 -11.77133373 -10.32741668 -7.10160033 -2.90282514 -1.26805664 
1.23284674e-01 -11.77133373 -10.32741668 -7.10160033 -2.90282514 -1.26805664 
1.00000000e-01 -11.77133373 -10.32741668 -7.10160033 -2.90282514 -1.26805664 
8.11130831e-02 -11.77133373 -10.32741668 -7.10160033 -2.90282514 -1.26805664 
6.57933225e-02 -11.77133373 -10.32741668 -7.10160033 -2.90282514 -1.26805664 
5.33669923e-02 -11.77133373 -10.32741668 -7.10160033 -2.90282514 -1.26805664 
4.32876128e-02 -11.77133373 -10.32741668 -7.10160033 -2.90282514 -1.26805664 
3.51119173e-02 -11.77133373 -10.32741668 -7.10160033 -2.90282514 -1.26805664 
2.84803587e-02 -11.77133373 -10.32741668 -7.10160033 -2.90282514 -1.26805664 
2.31012970e-02 -11.77133373 -10.32741668 -7.10160033 -2.90282514 -1.26805664 
1.87381742e-02 -11.77133373 -10.32741668 -7.10160033 -2.90282514 -1.26805664 
1.51991108e-02 -11.77133373 -10.32741668 -7.10160033 -2.90282514 -1.26805664 
1.23284674e-02 -11.77133373 -10.32741668 -7.10160033 -2.90282514 -1.26805664 
1.00000000e-02 -11.77133373 -10.32741668 -7.10160033 -2.90282514 -1.26805664 
8.11130831e-03 -11.77133373 -10.32741668 -7.10160033 -2.90282514 -1.26805664 
6.57933225e-03 -11.77133373 -10.32741668 -7.10160033 -2.90282514 -1.26805664 
5.33669923e-03 -11.77133373 -10.32741668 -7.10160033 -2.90282514 -1.26805664 
4.32876128e-03 -11.77133373 -10.32741668 -7.10160033 -2.90282514 -1.26805664 
3.51119173e-03 -11.77133373 -10.32741668 -7.10160033 -2.90282514 -1.26805664 
2.84803587e-03 -11.77133373 -10.32741668 -7.10160033 -2.90282514 -1.26805664 
2.31012970e-03 -11.77133373 -10.32741668 -7.10160033 -2.90282514 -1.26805664 
1.87381742e-03 -11.77133373 -10.32741668 -7.10160033 -2.90282514 -1.26805664 
1.51991108e-03 -11.77133373 -10.32741668 -7.10160033 -2.90282514 -1.26805664 
1.23284674e-03 -11.77133373 -10.32741668 -7.10160033 -2.90282514 -1.26805664 
1.00000000e-03 -11.77133373 -10.32741668 -7.10160033 -2.90282514 -1.26805664 
8.11130831e-04 -11.77133373 -10.32741668 -7.10160033 -2.90282514 -1.26805664 
6.57933225e-04 -11.77133373 -10.32741668 -7.10160033 -2.90282514 -1.26805664 
5.33669923e-04 -11.77133373 -10.32741668 -7.10160033 -2.90282514 -1.26805664 
4.32876128e-04 -11.77133373 -10.32741668 -7.10160033 -2.90282514 -1.26805664 
3.51119173e-04 -11.77133373 -10.32741668 -7.10160033 -2.90282514 -1.26805664 
2.84803587e-04 -11.77133373 -10.32741668 -7.10160033 -2.90282514 -1.26805664 
2.31012970e-04 -11.77133373 -10.32741668 -7.10160033 -2.90282514 -1.26805664 
1.87381742e-04 -11.77133373 -10.32741668 -7.10160033 -2.90282514 -1.26805664 
1.51991108e-04 -11.77133373 -10.32741668 -7.10160033 -2.90282514 -1.26805664 
1.23284674e-04 -11.77133373 -10.32741668 -7.10160033 -2.90282514 -1.26805664 
1.00000000e-04 -11.77133373 -10.32741668 -7.10160033 -2.90282514 -1.26805664 
8.11130831e-05 -11.77133373 -10.32741668 -7.10160033 -2.90282514 -1.26805664 
6.57933225e-05 -11.77133373 -10.32741668 -7.10160033 -2.90282514 -1.26805664 
5.33669923e-05 -11.77133373 -10.32741668 -7.10160033 -2.90282514 -1.26805664 
4.32876128e-05 -11.77133373 -10.32741668 -7.10160033 -2.90282514 -1.26805664 
3.51119173e-05 -11.77133373 -10.32741668 -7.10160033 -2.90282514 -1.26805664 
2.84803587e-05 -11.77133373 -10.32741668 -7.10160033 -2.90282514 -1.26805664 
2.31012970e-05 -11.77133373 -10.32741668 -7.10160033 -2.90282514 -1.26805664 
1.87381742e-05 -11.77133373 -10.32741668 -7.10160033 -2.90282514 -1.26805664 
1.51991108e-05 -11.77133373 -10.32741668 -7.10160033 -2.90282514 -1.26805664 
1.23284674e-05 -11.77133373 -10.32741668 -7.10160033 -2.90282514 -1.26805664 
1.00000000e-05 -11.77133373 -10.32741668 -7.10160033 -2.90282514 -1.26805664 
8.11130831e-06 -11.77133373 -10.32741668 -7.10160033 -2.90282514 -1.26805664 
6.57933225e-06 -11.77133373 -10.32741668 -7.10160033 -2.90282514 -1.26805664 
5.33669923e-06 -11.77133373 -10.32741668 -7.10160033 -2.90282514 -1.26805664 
4.32876128e-06 -11.77133373 -10.32741668 -7.10160033 -2.90282514 -1.26805664 
3.51119173e-06 -11.77133373 -10.32741668 -7.10160033 -2.90282514 -1.26805664 
2.84803587e-06 -11.77133373 -10.32741668 -7.10160033 -2.90282514 -1.26805664 
2.31012970e-06 -11.77133373 -10.32741668 -7.10160033 -2.90282514 -1.26805664 
1.87381742e-06 -11.77133373 -10.32741668 -7.10160033 -2.90282514 -1.26805664 
1.51991108e-06 -11.77133373 -10.32741668 -7.10160033 -2.90282514 -1.26805664 
1.23284674e-06 -11.77133373 -10.32741668 -7.10160033 -2.90282514 -1.26805664 
1.00000000e-06 -11.77133373 -10.32741668 -7.10160033 -2.90282514 -1.26805664 
8.11130831e-07 -11.77133373 -10.32741668 -7.10160033 -2.90282514 -1.26805664 
6.57933225e-07 -11.77133373 -10.32741668 -7.10160033 -2.90282514 -1.26805664 
5.33669923e-07 -11.77133373 -10.32741668 -7.10160033 -2.90282514 -1.26805664 
4.32876128e-07 -11.77133373 -10.32741668 -7.10160033 -2.90282514 -1.26805664 
3.51119173e-07 -11.77133373 -10.32741668 -7.10160033 -2.90282514 -1.26805664 
2.84803587e-07 -11.77133373 -10.32741668 -7.10160033 -2.90282514 -1.26805664 
2.31012970e-07 -11.77133373 -10.32741668 -7.10160033 -2.90282514 -1.26805664 
1.87381742e-07 -11.77133373 -10.32741668 -7.10160033 -2.90282514 -1.26805664 
1.51991108e-07 -11.77133373 -10.32741668 -7.10160033 -2.90282514 -1.26805664 
1.23284674e-07 -11.77133373 -10.32741668 -7.10160033 -2.90282514 -1.26805664 
1.00000000e-07 -11.77133373 -10.32741668 -7.10160033 -2.90282514 -1.26805664 
P (bar) | log_H2: -2σ | log_H2: -1σ | log_H2: median | log_H2: +1σ | log_H2: +2σ 
1.00000000e+02 -11.58122425 -10.00179885 -6.01710378 -2.70703286 -1.31409477 
8.11130831e+01 -11.58122425 -10.00179885 -6.01710378 -2.70703286 -1.31409477 
6.57933225e+01 -11.58122425 -10.00179885 -6.01710378 -2.70703286 -1.31409477 
5.33669923e+01 -11.58122425 -10.00179885 -6.01710378 -2.70703286 -1.31409477 
4.32876128e+01 -11.58122425 -10.00179885 -6.01710378 -2.70703286 -1.31409477 
3.51119173e+01 -11.58122425 -10.00179885 -6.01710378 -2.70703286 -1.31409477 
2.84803587e+01 -11.58122425 -10.00179885 -6.01710378 -2.70703286 -1.31409477 
2.31012970e+01 -11.58122425 -10.00179885 -6.01710378 -2.70703286 -1.31409477 
1.87381742e+01 -11.58122425 -10.00179885 -6.01710378 -2.70703286 -1.31409477 
1.51991108e+01 -11.58122425 -10.00179885 -6.01710378 -2.70703286 -1.31409477 
1.23284674e+01 -11.58122425 -10.00179885 -6.01710378 -2.70703286 -1.31409477 
1.00000000e+01 -11.58122425 -10.00179885 -6.01710378 -2.70703286 -1.31409477 
8.11130831e+00 -11.58122425 -10.00179885 -6.01710378 -2.70703286 -1.31409477 
6.57933225e+00 -11.58122425 -10.00179885 -6.01710378 -2.70703286 -1.31409477 
5.33669923e+00 -11.58122425 -10.00179885 -6.01710378 -2.70703286 -1.31409477 
4.32876128e+00 -11.58122425 -10.00179885 -6.01710378 -2.70703286 -1.31409477 
3.51119173e+00 -11.58122425 -10.00179885 -6.01710378 -2.70703286 -1.31409477 
2.84803587e+00 -11.58122425 -10.00179885 -6.01710378 -2.70703286 -1.31409477 
2.31012970e+00 -11.58122425 -10.00179885 -6.01710378 -2.70703286 -1.31409477 
1.87381742e+00 -11.58122425 -10.00179885 -6.01710378 -2.70703286 -1.31409477 
1.51991108e+00 -11.58122425 -10.00179885 -6.01710378 -2.70703286 -1.31409477 
1.23284674e+00 -11.58122425 -10.00179885 -6.01710378 -2.70703286 -1.31409477 
1.00000000e+00 -11.58122425 -10.00179885 -6.01710378 -2.70703286 -1.31409477 
8.11130831e-01 -11.58122425 -10.00179885 -6.01710378 -2.70703286 -1.31409477 
6.57933225e-01 -11.58122425 -10.00179885 -6.01710378 -2.70703286 -1.31409477 
5.33669923e-01 -11.58122425 -10.00179885 -6.01710378 -2.70703286 -1.31409477 
4.32876128e-01 -11.58122425 -10.00179885 -6.01710378 -2.70703286 -1.31409477 
3.51119173e-01 -11.58122425 -10.00179885 -6.01710378 -2.70703286 -1.31409477 
2.84803587e-01 -11.58122425 -10.00179885 -6.01710378 -2.70703286 -1.31409477 
2.31012970e-01 -11.58122425 -10.00179885 -6.01710378 -2.70703286 -1.31409477 
1.87381742e-01 -11.58122425 -10.00179885 -6.01710378 -2.70703286 -1.31409477 
1.51991108e-01 -11.58122425 -10.00179885 -6.01710378 -2.70703286 -1.31409477 
1.23284674e-01 -11.58122425 -10.00179885 -6.01710378 -2.70703286 -1.31409477 
1.00000000e-01 -11.58122425 -10.00179885 -6.01710378 -2.70703286 -1.31409477 
8.11130831e-02 -11.58122425 -10.00179885 -6.01710378 -2.70703286 -1.31409477 
6.57933225e-02 -11.58122425 -10.00179885 -6.01710378 -2.70703286 -1.31409477 
5.33669923e-02 -11.58122425 -10.00179885 -6.01710378 -2.70703286 -1.31409477 
4.32876128e-02 -11.58122425 -10.00179885 -6.01710378 -2.70703286 -1.31409477 
3.51119173e-02 -11.58122425 -10.00179885 -6.01710378 -2.70703286 -1.31409477 
2.84803587e-02 -11.58122425 -10.00179885 -6.01710378 -2.70703286 -1.31409477 
2.31012970e-02 -11.58122425 -10.00179885 -6.01710378 -2.70703286 -1.31409477 
1.87381742e-02 -11.58122425 -10.00179885 -6.01710378 -2.70703286 -1.31409477 
1.51991108e-02 -11.58122425 -10.00179885 -6.01710378 -2.70703286 -1.31409477 
1.23284674e-02 -11.58122425 -10.00179885 -6.01710378 -2.70703286 -1.31409477 
1.00000000e-02 -11.58122425 -10.00179885 -6.01710378 -2.70703286 -1.31409477 
8.11130831e-03 -11.58122425 -10.00179885 -6.01710378 -2.70703286 -1.31409477 
6.57933225e-03 -11.58122425 -10.00179885 -6.01710378 -2.70703286 -1.31409477 
5.33669923e-03 -11.58122425 -10.00179885 -6.01710378 -2.70703286 -1.31409477 
4.32876128e-03 -11.58122425 -10.00179885 -6.01710378 -2.70703286 -1.31409477 
3.51119173e-03 -11.58122425 -10.00179885 -6.01710378 -2.70703286 -1.31409477 
2.84803587e-03 -11.58122425 -10.00179885 -6.01710378 -2.70703286 -1.31409477 
2.31012970e-03 -11.58122425 -10.00179885 -6.01710378 -2.70703286 -1.31409477 
1.87381742e-03 -11.58122425 -10.00179885 -6.01710378 -2.70703286 -1.31409477 
1.51991108e-03 -11.58122425 -10.00179885 -6.01710378 -2.70703286 -1.31409477 
1.23284674e-03 -11.58122425 -10.00179885 -6.01710378 -2.70703286 -1.31409477 
1.00000000e-03 -11.58122425 -10.00179885 -6.01710378 -2.70703286 -1.31409477 
8.11130831e-04 -11.58122425 -10.00179885 -6.01710378 -2.70703286 -1.31409477 
6.57933225e-04 -11.58122425 -10.00179885 -6.01710378 -2.70703286 -1.31409477 
5.33669923e-04 -11.58122425 -10.00179885 -6.01710378 -2.70703286 -1.31409477 
4.32876128e-04 -11.58122425 -10.00179885 -6.01710378 -2.70703286 -1.31409477 
3.51119173e-04 -11.58122425 -10.00179885 -6.01710378 -2.70703286 -1.31409477 
2.84803587e-04 -11.58122425 -10.00179885 -6.01710378 -2.70703286 -1.31409477 
2.31012970e-04 -11.58122425 -10.00179885 -6.01710378 -2.70703286 -1.31409477 
1.87381742e-04 -11.58122425 -10.00179885 -6.01710378 -2.70703286 -1.31409477 
1.51991108e-04 -11.58122425 -10.00179885 -6.01710378 -2.70703286 -1.31409477 
1.23284674e-04 -11.58122425 -10.00179885 -6.01710378 -2.70703286 -1.31409477 
1.00000000e-04 -11.58122425 -10.00179885 -6.01710378 -2.70703286 -1.31409477 
8.11130831e-05 -11.58122425 -10.00179885 -6.01710378 -2.70703286 -1.31409477 
6.57933225e-05 -11.58122425 -10.00179885 -6.01710378 -2.70703286 -1.31409477 
5.33669923e-05 -11.58122425 -10.00179885 -6.01710378 -2.70703286 -1.31409477 
4.32876128e-05 -11.58122425 -10.00179885 -6.01710378 -2.70703286 -1.31409477 
3.51119173e-05 -11.58122425 -10.00179885 -6.01710378 -2.70703286 -1.31409477 
2.84803587e-05 -11.58122425 -10.00179885 -6.01710378 -2.70703286 -1.31409477 
2.31012970e-05 -11.58122425 -10.00179885 -6.01710378 -2.70703286 -1.31409477 
1.87381742e-05 -11.58122425 -10.00179885 -6.01710378 -2.70703286 -1.31409477 
1.51991108e-05 -11.58122425 -10.00179885 -6.01710378 -2.70703286 -1.31409477 
1.23284674e-05 -11.58122425 -10.00179885 -6.01710378 -2.70703286 -1.31409477 
1.00000000e-05 -11.58122425 -10.00179885 -6.01710378 -2.70703286 -1.31409477 
8.11130831e-06 -11.58122425 -10.00179885 -6.01710378 -2.70703286 -1.31409477 
6.57933225e-06 -11.58122425 -10.00179885 -6.01710378 -2.70703286 -1.31409477 
5.33669923e-06 -11.58122425 -10.00179885 -6.01710378 -2.70703286 -1.31409477 
4.32876128e-06 -11.58122425 -10.00179885 -6.01710378 -2.70703286 -1.31409477 
3.51119173e-06 -11.58122425 -10.00179885 -6.01710378 -2.70703286 -1.31409477 
2.84803587e-06 -11.58122425 -10.00179885 -6.01710378 -2.70703286 -1.31409477 
2.31012970e-06 -11.58122425 -10.00179885 -6.01710378 -2.70703286 -1.31409477 
1.87381742e-06 -11.58122425 -10.00179885 -6.01710378 -2.70703286 -1.31409477 
1.51991108e-06 -11.58122425 -10.00179885 -6.01710378 -2.70703286 -1.31409477 
1.23284674e-06 -11.58122425 -10.00179885 -6.01710378 -2.70703286 -1.31409477 
1.00000000e-06 -11.58122425 -10.00179885 -6.01710378 -2.70703286 -1.31409477 
8.11130831e-07 -11.58122425 -10.00179885 -6.01710378 -2.70703286 -1.31409477 
6.57933225e-07 -11.58122425 -10.00179885 -6.01710378 -2.70703286 -1.31409477 
5.33669923e-07 -11.58122425 -10.00179885 -6.01710378 -2.70703286 -1.31409477 
4.32876128e-07 -11.58122425 -10.00179885 -6.01710378 -2.70703286 -1.31409477 
3.51119173e-07 -11.58122425 -10.00179885 -6.01710378 -2.70703286 -1.31409477 
2.84803587e-07 -11.58122425 -10.00179885 -6.01710378 -2.70703286 -1.31409477 
2.31012970e-07 -11.58122425 -10.00179885 -6.01710378 -2.70703286 -1.31409477 
1.87381742e-07 -11.58122425 -10.00179885 -6.01710378 -2.70703286 -1.31409477 
1.51991108e-07 -11.58122425 -10.00179885 -6.01710378 -2.70703286 -1.31409477 
1.23284674e-07 -11.58122425 -10.00179885 -6.01710378 -2.70703286 -1.31409477 
1.00000000e-07 -11.58122425 -10.00179885 -6.01710378 -2.70703286 -1.31409477 
