Chemical species: CO2 H2O
P (bar) | log_CO2: -2σ | log_CO2: -1σ | log_CO2: median | log_CO2: +1σ | log_CO2: +2σ 
1.00000000e+02 -0.04125967 -0.02191863 -0.00254491 -0.00002841 -0.00000000 
8.11130831e+01 -0.04125967 -0.02191863 -0.00254491 -0.00002841 -0.00000000 
6.57933225e+01 -0.04125967 -0.02191863 -0.00254491 -0.00002841 -0.00000000 
5.33669923e+01 -0.04125967 -0.02191863 -0.00254491 -0.00002841 -0.00000000 
4.32876128e+01 -0.04125967 -0.02191863 -0.00254491 -0.00002841 -0.00000000 
3.51119173e+01 -0.04125967 -0.02191863 -0.00254491 -0.00002841 -0.00000000 
2.84803587e+01 -0.04125967 -0.02191863 -0.00254491 -0.00002841 -0.00000000 
2.31012970e+01 -0.04125967 -0.02191863 -0.00254491 -0.00002841 -0.00000000 
1.87381742e+01 -0.04125967 -0.02191863 -0.00254491 -0.00002841 -0.00000000 
1.51991108e+01 -0.04125967 -0.02191863 -0.00254491 -0.00002841 -0.00000000 
1.23284674e+01 -0.04125967 -0.02191863 -0.00254491 -0.00002841 -0.00000000 
1.00000000e+01 -0.04125967 -0.02191863 -0.00254491 -0.00002841 -0.00000000 
8.11130831e+00 -0.04125967 -0.02191863 -0.00254491 -0.00002841 -0.00000000 
6.57933225e+00 -0.04125967 -0.02191863 -0.00254491 -0.00002841 -0.00000000 
5.33669923e+00 -0.04125967 -0.02191863 -0.00254491 -0.00002841 -0.00000000 
4.32876128e+00 -0.04125967 -0.02191863 -0.00254491 -0.00002841 -0.00000000 
3.51119173e+00 -0.04125967 -0.02191863 -0.00254491 -0.00002841 -0.00000000 
2.84803587e+00 -0.04125967 -0.02191863 -0.00254491 -0.00002841 -0.00000000 
2.31012970e+00 -0.04125967 -0.02191863 -0.00254491 -0.00002841 -0.00000000 
1.87381742e+00 -0.04125967 -0.02191863 -0.00254491 -0.00002841 -0.00000000 
1.51991108e+00 -0.04125967 -0.02191863 -0.00254491 -0.00002841 -0.00000000 
1.23284674e+00 -0.04125967 -0.02191863 -0.00254491 -0.00002841 -0.00000000 
1.00000000e+00 -0.04125967 -0.02191863 -0.00254491 -0.00002841 -0.00000000 
8.11130831e-01 -0.04125967 -0.02191863 -0.00254491 -0.00002841 -0.00000000 
6.57933225e-01 -0.04125967 -0.02191863 -0.00254491 -0.00002841 -0.00000000 
5.33669923e-01 -0.04125967 -0.02191863 -0.00254491 -0.00002841 -0.00000000 
4.32876128e-01 -0.04125967 -0.02191863 -0.00254491 -0.00002841 -0.00000000 
3.51119173e-01 -0.04125967 -0.02191863 -0.00254491 -0.00002841 -0.00000000 
2.84803587e-01 -0.04125967 -0.02191863 -0.00254491 -0.00002841 -0.00000000 
2.31012970e-01 -0.04125967 -0.02191863 -0.00254491 -0.00002841 -0.00000000 
1.87381742e-01 -0.04125967 -0.02191863 -0.00254491 -0.00002841 -0.00000000 
1.51991108e-01 -0.04125967 -0.02191863 -0.00254491 -0.00002841 -0.00000000 
1.23284674e-01 -0.04125967 -0.02191863 -0.00254491 -0.00002841 -0.00000000 
1.00000000e-01 -0.04125967 -0.02191863 -0.00254491 -0.00002841 -0.00000000 
8.11130831e-02 -0.04125967 -0.02191863 -0.00254491 -0.00002841 -0.00000000 
6.57933225e-02 -0.04125967 -0.02191863 -0.00254491 -0.00002841 -0.00000000 
5.33669923e-02 -0.04125967 -0.02191863 -0.00254491 -0.00002841 -0.00000000 
4.32876128e-02 -0.04125967 -0.02191863 -0.00254491 -0.00002841 -0.00000000 
3.51119173e-02 -0.04125967 -0.02191863 -0.00254491 -0.00002841 -0.00000000 
2.84803587e-02 -0.04125967 -0.02191863 -0.00254491 -0.00002841 -0.00000000 
2.31012970e-02 -0.04125967 -0.02191863 -0.00254491 -0.00002841 -0.00000000 
1.87381742e-02 -0.04125967 -0.02191863 -0.00254491 -0.00002841 -0.00000000 
1.51991108e-02 -0.04125967 -0.02191863 -0.00254491 -0.00002841 -0.00000000 
1.23284674e-02 -0.04125967 -0.02191863 -0.00254491 -0.00002841 -0.00000000 
1.00000000e-02 -0.04125967 -0.02191863 -0.00254491 -0.00002841 -0.00000000 
8.11130831e-03 -0.04125967 -0.02191863 -0.00254491 -0.00002841 -0.00000000 
6.57933225e-03 -0.04125967 -0.02191863 -0.00254491 -0.00002841 -0.00000000 
5.33669923e-03 -0.04125967 -0.02191863 -0.00254491 -0.00002841 -0.00000000 
4.32876128e-03 -0.04125967 -0.02191863 -0.00254491 -0.00002841 -0.00000000 
3.51119173e-03 -0.04125967 -0.02191863 -0.00254491 -0.00002841 -0.00000000 
2.84803587e-03 -0.04125967 -0.02191863 -0.00254491 -0.00002841 -0.00000000 
2.31012970e-03 -0.04125967 -0.02191863 -0.00254491 -0.00002841 -0.00000000 
1.87381742e-03 -0.04125967 -0.02191863 -0.00254491 -0.00002841 -0.00000000 
1.51991108e-03 -0.04125967 -0.02191863 -0.00254491 -0.00002841 -0.00000000 
1.23284674e-03 -0.04125967 -0.02191863 -0.00254491 -0.00002841 -0.00000000 
1.00000000e-03 -0.04125967 -0.02191863 -0.00254491 -0.00002841 -0.00000000 
8.11130831e-04 -0.04125967 -0.02191863 -0.00254491 -0.00002841 -0.00000000 
6.57933225e-04 -0.04125967 -0.02191863 -0.00254491 -0.00002841 -0.00000000 
5.33669923e-04 -0.04125967 -0.02191863 -0.00254491 -0.00002841 -0.00000000 
4.32876128e-04 -0.04125967 -0.02191863 -0.00254491 -0.00002841 -0.00000000 
3.51119173e-04 -0.04125967 -0.02191863 -0.00254491 -0.00002841 -0.00000000 
2.84803587e-04 -0.04125967 -0.02191863 -0.00254491 -0.00002841 -0.00000000 
2.31012970e-04 -0.04125967 -0.02191863 -0.00254491 -0.00002841 -0.00000000 
1.87381742e-04 -0.04125967 -0.02191863 -0.00254491 -0.00002841 -0.00000000 
1.51991108e-04 -0.04125967 -0.02191863 -0.00254491 -0.00002841 -0.00000000 
1.23284674e-04 -0.04125967 -0.02191863 -0.00254491 -0.00002841 -0.00000000 
1.00000000e-04 -0.04125967 -0.02191863 -0.00254491 -0.00002841 -0.00000000 
8.11130831e-05 -0.04125967 -0.02191863 -0.00254491 -0.00002841 -0.00000000 
6.57933225e-05 -0.04125967 -0.02191863 -0.00254491 -0.00002841 -0.00000000 
5.33669923e-05 -0.04125967 -0.02191863 -0.00254491 -0.00002841 -0.00000000 
4.32876128e-05 -0.04125967 -0.02191863 -0.00254491 -0.00002841 -0.00000000 
3.51119173e-05 -0.04125967 -0.02191863 -0.00254491 -0.00002841 -0.00000000 
2.84803587e-05 -0.04125967 -0.02191863 -0.00254491 -0.00002841 -0.00000000 
2.31012970e-05 -0.04125967 -0.02191863 -0.00254491 -0.00002841 -0.00000000 
1.87381742e-05 -0.04125967 -0.02191863 -0.00254491 -0.00002841 -0.00000000 
1.51991108e-05 -0.04125967 -0.02191863 -0.00254491 -0.00002841 -0.00000000 
1.23284674e-05 -0.04125967 -0.02191863 -0.00254491 -0.00002841 -0.00000000 
1.00000000e-05 -0.04125967 -0.02191863 -0.00254491 -0.00002841 -0.00000000 
8.11130831e-06 -0.04125967 -0.02191863 -0.00254491 -0.00002841 -0.00000000 
6.57933225e-06 -0.04125967 -0.02191863 -0.00254491 -0.00002841 -0.00000000 
5.33669923e-06 -0.04125967 -0.02191863 -0.00254491 -0.00002841 -0.00000000 
4.32876128e-06 -0.04125967 -0.02191863 -0.00254491 -0.00002841 -0.00000000 
3.51119173e-06 -0.04125967 -0.02191863 -0.00254491 -0.00002841 -0.00000000 
2.84803587e-06 -0.04125967 -0.02191863 -0.00254491 -0.00002841 -0.00000000 
2.31012970e-06 -0.04125967 -0.02191863 -0.00254491 -0.00002841 -0.00000000 
1.87381742e-06 -0.04125967 -0.02191863 -0.00254491 -0.00002841 -0.00000000 
1.51991108e-06 -0.04125967 -0.02191863 -0.00254491 -0.00002841 -0.00000000 
1.23284674e-06 -0.04125967 -0.02191863 -0.00254491 -0.00002841 -0.00000000 
1.00000000e-06 -0.04125967 -0.02191863 -0.00254491 -0.00002841 -0.00000000 
8.11130831e-07 -0.04125967 -0.02191863 -0.00254491 -0.00002841 -0.00000000 
6.57933225e-07 -0.04125967 -0.02191863 -0.00254491 -0.00002841 -0.00000000 
5.33669923e-07 -0.04125967 -0.02191863 -0.00254491 -0.00002841 -0.00000000 
4.32876128e-07 -0.04125967 -0.02191863 -0.00254491 -0.00002841 -0.00000000 
3.51119173e-07 -0.04125967 -0.02191863 -0.00254491 -0.00002841 -0.00000000 
2.84803587e-07 -0.04125967 -0.02191863 -0.00254491 -0.00002841 -0.00000000 
2.31012970e-07 -0.04125967 -0.02191863 -0.00254491 -0.00002841 -0.00000000 
1.87381742e-07 -0.04125967 -0.02191863 -0.00254491 -0.00002841 -0.00000000 
1.51991108e-07 -0.04125967 -0.02191863 -0.00254491 -0.00002841 -0.00000000 
1.23284674e-07 -0.04125967 -0.02191863 -0.00254491 -0.00002841 -0.00000000 
1.00000000e-07 -0.04125967 -0.02191863 -0.00254491 -0.00002841 -0.00000000 
P (bar) | log_H2O: -2σ | log_H2O: -1σ | log_H2O: median | log_H2O: +1σ | log_H2O: +2σ 
1.00000000e+02 -9.15929040 -4.19551686 -2.23551594 -1.30904409 -1.04477990 
8.11130831e+01 -9.15929040 -4.19551686 -2.23551594 -1.30904409 -1.04477990 
6.57933225e+01 -9.15929040 -4.19551686 -2.23551594 -1.30904409 -1.04477990 
5.33669923e+01 -9.15929040 -4.19551686 -2.23551594 -1.30904409 -1.04477990 
4.32876128e+01 -9.15929040 -4.19551686 -2.23551594 -1.30904409 -1.04477990 
3.51119173e+01 -9.15929040 -4.19551686 -2.23551594 -1.30904409 -1.04477990 
2.84803587e+01 -9.15929040 -4.19551686 -2.23551594 -1.30904409 -1.04477990 
2.31012970e+01 -9.15929040 -4.19551686 -2.23551594 -1.30904409 -1.04477990 
1.87381742e+01 -9.15929040 -4.19551686 -2.23551594 -1.30904409 -1.04477990 
1.51991108e+01 -9.15929040 -4.19551686 -2.23551594 -1.30904409 -1.04477990 
1.23284674e+01 -9.15929040 -4.19551686 -2.23551594 -1.30904409 -1.04477990 
1.00000000e+01 -9.15929040 -4.19551686 -2.23551594 -1.30904409 -1.04477990 
8.11130831e+00 -9.15929040 -4.19551686 -2.23551594 -1.30904409 -1.04477990 
6.57933225e+00 -9.15929040 -4.19551686 -2.23551594 -1.30904409 -1.04477990 
5.33669923e+00 -9.15929040 -4.19551686 -2.23551594 -1.30904409 -1.04477990 
4.32876128e+00 -9.15929040 -4.19551686 -2.23551594 -1.30904409 -1.04477990 
3.51119173e+00 -9.15929040 -4.19551686 -2.23551594 -1.30904409 -1.04477990 
2.84803587e+00 -9.15929040 -4.19551686 -2.23551594 -1.30904409 -1.04477990 
2.31012970e+00 -9.15929040 -4.19551686 -2.23551594 -1.30904409 -1.04477990 
1.87381742e+00 -9.15929040 -4.19551686 -2.23551594 -1.30904409 -1.04477990 
1.51991108e+00 -9.15929040 -4.19551686 -2.23551594 -1.30904409 -1.04477990 
1.23284674e+00 -9.15929040 -4.19551686 -2.23551594 -1.30904409 -1.04477990 
1.00000000e+00 -9.15929040 -4.19551686 -2.23551594 -1.30904409 -1.04477990 
8.11130831e-01 -9.15929040 -4.19551686 -2.23551594 -1.30904409 -1.04477990 
6.57933225e-01 -9.15929040 -4.19551686 -2.23551594 -1.30904409 -1.04477990 
5.33669923e-01 -9.15929040 -4.19551686 -2.23551594 -1.30904409 -1.04477990 
4.32876128e-01 -9.15929040 -4.19551686 -2.23551594 -1.30904409 -1.04477990 
3.51119173e-01 -9.15929040 -4.19551686 -2.23551594 -1.30904409 -1.04477990 
2.84803587e-01 -9.15929040 -4.19551686 -2.23551594 -1.30904409 -1.04477990 
2.31012970e-01 -9.15929040 -4.19551686 -2.23551594 -1.30904409 -1.04477990 
1.87381742e-01 -9.15929040 -4.19551686 -2.23551594 -1.30904409 -1.04477990 
1.51991108e-01 -9.15929040 -4.19551686 -2.23551594 -1.30904409 -1.04477990 
1.23284674e-01 -9.15929040 -4.19551686 -2.23551594 -1.30904409 -1.04477990 
1.00000000e-01 -9.15929040 -4.19551686 -2.23551594 -1.30904409 -1.04477990 
8.11130831e-02 -9.15929040 -4.19551686 -2.23551594 -1.30904409 -1.04477990 
6.57933225e-02 -9.15929040 -4.19551686 -2.23551594 -1.30904409 -1.04477990 
5.33669923e-02 -9.15929040 -4.19551686 -2.23551594 -1.30904409 -1.04477990 
4.32876128e-02 -9.15929040 -4.19551686 -2.23551594 -1.30904409 -1.04477990 
3.51119173e-02 -9.15929040 -4.19551686 -2.23551594 -1.30904409 -1.04477990 
2.84803587e-02 -9.15929040 -4.19551686 -2.23551594 -1.30904409 -1.04477990 
2.31012970e-02 -9.15929040 -4.19551686 -2.23551594 -1.30904409 -1.04477990 
1.87381742e-02 -9.15929040 -4.19551686 -2.23551594 -1.30904409 -1.04477990 
1.51991108e-02 -9.15929040 -4.19551686 -2.23551594 -1.30904409 -1.04477990 
1.23284674e-02 -9.15929040 -4.19551686 -2.23551594 -1.30904409 -1.04477990 
1.00000000e-02 -9.15929040 -4.19551686 -2.23551594 -1.30904409 -1.04477990 
8.11130831e-03 -9.15929040 -4.19551686 -2.23551594 -1.30904409 -1.04477990 
6.57933225e-03 -9.15929040 -4.19551686 -2.23551594 -1.30904409 -1.04477990 
5.33669923e-03 -9.15929040 -4.19551686 -2.23551594 -1.30904409 -1.04477990 
4.32876128e-03 -9.15929040 -4.19551686 -2.23551594 -1.30904409 -1.04477990 
3.51119173e-03 -9.15929040 -4.19551686 -2.23551594 -1.30904409 -1.04477990 
2.84803587e-03 -9.15929040 -4.19551686 -2.23551594 -1.30904409 -1.04477990 
2.31012970e-03 -9.15929040 -4.19551686 -2.23551594 -1.30904409 -1.04477990 
1.87381742e-03 -9.15929040 -4.19551686 -2.23551594 -1.30904409 -1.04477990 
1.51991108e-03 -9.15929040 -4.19551686 -2.23551594 -1.30904409 -1.04477990 
1.23284674e-03 -9.15929040 -4.19551686 -2.23551594 -1.30904409 -1.04477990 
1.00000000e-03 -9.15929040 -4.19551686 -2.23551594 -1.30904409 -1.04477990 
8.11130831e-04 -9.15929040 -4.19551686 -2.23551594 -1.30904409 -1.04477990 
6.57933225e-04 -9.15929040 -4.19551686 -2.23551594 -1.30904409 -1.04477990 
5.33669923e-04 -9.15929040 -4.19551686 -2.23551594 -1.30904409 -1.04477990 
4.32876128e-04 -9.15929040 -4.19551686 -2.23551594 -1.30904409 -1.04477990 
3.51119173e-04 -9.15929040 -4.19551686 -2.23551594 -1.30904409 -1.04477990 
2.84803587e-04 -9.15929040 -4.19551686 -2.23551594 -1.30904409 -1.04477990 
2.31012970e-04 -9.15929040 -4.19551686 -2.23551594 -1.30904409 -1.04477990 
1.87381742e-04 -9.15929040 -4.19551686 -2.23551594 -1.30904409 -1.04477990 
1.51991108e-04 -9.15929040 -4.19551686 -2.23551594 -1.30904409 -1.04477990 
1.23284674e-04 -9.15929040 -4.19551686 -2.23551594 -1.30904409 -1.04477990 
1.00000000e-04 -9.15929040 -4.19551686 -2.23551594 -1.30904409 -1.04477990 
8.11130831e-05 -9.15929040 -4.19551686 -2.23551594 -1.30904409 -1.04477990 
6.57933225e-05 -9.15929040 -4.19551686 -2.23551594 -1.30904409 -1.04477990 
5.33669923e-05 -9.15929040 -4.19551686 -2.23551594 -1.30904409 -1.04477990 
4.32876128e-05 -9.15929040 -4.19551686 -2.23551594 -1.30904409 -1.04477990 
3.51119173e-05 -9.15929040 -4.19551686 -2.23551594 -1.30904409 -1.04477990 
2.84803587e-05 -9.15929040 -4.19551686 -2.23551594 -1.30904409 -1.04477990 
2.31012970e-05 -9.15929040 -4.19551686 -2.23551594 -1.30904409 -1.04477990 
1.87381742e-05 -9.15929040 -4.19551686 -2.23551594 -1.30904409 -1.04477990 
1.51991108e-05 -9.15929040 -4.19551686 -2.23551594 -1.30904409 -1.04477990 
1.23284674e-05 -9.15929040 -4.19551686 -2.23551594 -1.30904409 -1.04477990 
1.00000000e-05 -9.15929040 -4.19551686 -2.23551594 -1.30904409 -1.04477990 
8.11130831e-06 -9.15929040 -4.19551686 -2.23551594 -1.30904409 -1.04477990 
6.57933225e-06 -9.15929040 -4.19551686 -2.23551594 -1.30904409 -1.04477990 
5.33669923e-06 -9.15929040 -4.19551686 -2.23551594 -1.30904409 -1.04477990 
4.32876128e-06 -9.15929040 -4.19551686 -2.23551594 -1.30904409 -1.04477990 
3.51119173e-06 -9.15929040 -4.19551686 -2.23551594 -1.30904409 -1.04477990 
2.84803587e-06 -9.15929040 -4.19551686 -2.23551594 -1.30904409 -1.04477990 
2.31012970e-06 -9.15929040 -4.19551686 -2.23551594 -1.30904409 -1.04477990 
1.87381742e-06 -9.15929040 -4.19551686 -2.23551594 -1.30904409 -1.04477990 
1.51991108e-06 -9.15929040 -4.19551686 -2.23551594 -1.30904409 -1.04477990 
1.23284674e-06 -9.15929040 -4.19551686 -2.23551594 -1.30904409 -1.04477990 
1.00000000e-06 -9.15929040 -4.19551686 -2.23551594 -1.30904409 -1.04477990 
8.11130831e-07 -9.15929040 -4.19551686 -2.23551594 -1.30904409 -1.04477990 
6.57933225e-07 -9.15929040 -4.19551686 -2.23551594 -1.30904409 -1.04477990 
5.33669923e-07 -9.15929040 -4.19551686 -2.23551594 -1.30904409 -1.04477990 
4.32876128e-07 -9.15929040 -4.19551686 -2.23551594 -1.30904409 -1.04477990 
3.51119173e-07 -9.15929040 -4.19551686 -2.23551594 -1.30904409 -1.04477990 
2.84803587e-07 -9.15929040 -4.19551686 -2.23551594 -1.30904409 -1.04477990 
2.31012970e-07 -9.15929040 -4.19551686 -2.23551594 -1.30904409 -1.04477990 
1.87381742e-07 -9.15929040 -4.19551686 -2.23551594 -1.30904409 -1.04477990 
1.51991108e-07 -9.15929040 -4.19551686 -2.23551594 -1.30904409 -1.04477990 
1.23284674e-07 -9.15929040 -4.19551686 -2.23551594 -1.30904409 -1.04477990 
1.00000000e-07 -9.15929040 -4.19551686 -2.23551594 -1.30904409 -1.04477990 
