Chemical species: CO2 H2O
P (bar) | log_CO2: -2σ | log_CO2: -1σ | log_CO2: median | log_CO2: +1σ | log_CO2: +2σ 
1.00000000e+02 -0.04021259 -0.02695835 -0.00586368 -0.00007675 -0.00000000 
8.11130831e+01 -0.04021259 -0.02695835 -0.00586368 -0.00007675 -0.00000000 
6.57933225e+01 -0.04021259 -0.02695835 -0.00586368 -0.00007675 -0.00000000 
5.33669923e+01 -0.04021259 -0.02695835 -0.00586368 -0.00007675 -0.00000000 
4.32876128e+01 -0.04021259 -0.02695835 -0.00586368 -0.00007675 -0.00000000 
3.51119173e+01 -0.04021259 -0.02695835 -0.00586368 -0.00007675 -0.00000000 
2.84803587e+01 -0.04021259 -0.02695835 -0.00586368 -0.00007675 -0.00000000 
2.31012970e+01 -0.04021259 -0.02695835 -0.00586368 -0.00007675 -0.00000000 
1.87381742e+01 -0.04021259 -0.02695835 -0.00586368 -0.00007675 -0.00000000 
1.51991108e+01 -0.04021259 -0.02695835 -0.00586368 -0.00007675 -0.00000000 
1.23284674e+01 -0.04021259 -0.02695835 -0.00586368 -0.00007675 -0.00000000 
1.00000000e+01 -0.04021259 -0.02695835 -0.00586368 -0.00007675 -0.00000000 
8.11130831e+00 -0.04021259 -0.02695835 -0.00586368 -0.00007675 -0.00000000 
6.57933225e+00 -0.04021259 -0.02695835 -0.00586368 -0.00007675 -0.00000000 
5.33669923e+00 -0.04021259 -0.02695835 -0.00586368 -0.00007675 -0.00000000 
4.32876128e+00 -0.04021259 -0.02695835 -0.00586368 -0.00007675 -0.00000000 
3.51119173e+00 -0.04021259 -0.02695835 -0.00586368 -0.00007675 -0.00000000 
2.84803587e+00 -0.04021259 -0.02695835 -0.00586368 -0.00007675 -0.00000000 
2.31012970e+00 -0.04021259 -0.02695835 -0.00586368 -0.00007675 -0.00000000 
1.87381742e+00 -0.04021259 -0.02695835 -0.00586368 -0.00007675 -0.00000000 
1.51991108e+00 -0.04021259 -0.02695835 -0.00586368 -0.00007675 -0.00000000 
1.23284674e+00 -0.04021259 -0.02695835 -0.00586368 -0.00007675 -0.00000000 
1.00000000e+00 -0.04021259 -0.02695835 -0.00586368 -0.00007675 -0.00000000 
8.11130831e-01 -0.04021259 -0.02695835 -0.00586368 -0.00007675 -0.00000000 
6.57933225e-01 -0.04021259 -0.02695835 -0.00586368 -0.00007675 -0.00000000 
5.33669923e-01 -0.04021259 -0.02695835 -0.00586368 -0.00007675 -0.00000000 
4.32876128e-01 -0.04021259 -0.02695835 -0.00586368 -0.00007675 -0.00000000 
3.51119173e-01 -0.04021259 -0.02695835 -0.00586368 -0.00007675 -0.00000000 
2.84803587e-01 -0.04021259 -0.02695835 -0.00586368 -0.00007675 -0.00000000 
2.31012970e-01 -0.04021259 -0.02695835 -0.00586368 -0.00007675 -0.00000000 
1.87381742e-01 -0.04021259 -0.02695835 -0.00586368 -0.00007675 -0.00000000 
1.51991108e-01 -0.04021259 -0.02695835 -0.00586368 -0.00007675 -0.00000000 
1.23284674e-01 -0.04021259 -0.02695835 -0.00586368 -0.00007675 -0.00000000 
1.00000000e-01 -0.04021259 -0.02695835 -0.00586368 -0.00007675 -0.00000000 
8.11130831e-02 -0.04021259 -0.02695835 -0.00586368 -0.00007675 -0.00000000 
6.57933225e-02 -0.04021259 -0.02695835 -0.00586368 -0.00007675 -0.00000000 
5.33669923e-02 -0.04021259 -0.02695835 -0.00586368 -0.00007675 -0.00000000 
4.32876128e-02 -0.04021259 -0.02695835 -0.00586368 -0.00007675 -0.00000000 
3.51119173e-02 -0.04021259 -0.02695835 -0.00586368 -0.00007675 -0.00000000 
2.84803587e-02 -0.04021259 -0.02695835 -0.00586368 -0.00007675 -0.00000000 
2.31012970e-02 -0.04021259 -0.02695835 -0.00586368 -0.00007675 -0.00000000 
1.87381742e-02 -0.04021259 -0.02695835 -0.00586368 -0.00007675 -0.00000000 
1.51991108e-02 -0.04021259 -0.02695835 -0.00586368 -0.00007675 -0.00000000 
1.23284674e-02 -0.04021259 -0.02695835 -0.00586368 -0.00007675 -0.00000000 
1.00000000e-02 -0.04021259 -0.02695835 -0.00586368 -0.00007675 -0.00000000 
8.11130831e-03 -0.04021259 -0.02695835 -0.00586368 -0.00007675 -0.00000000 
6.57933225e-03 -0.04021259 -0.02695835 -0.00586368 -0.00007675 -0.00000000 
5.33669923e-03 -0.04021259 -0.02695835 -0.00586368 -0.00007675 -0.00000000 
4.32876128e-03 -0.04021259 -0.02695835 -0.00586368 -0.00007675 -0.00000000 
3.51119173e-03 -0.04021259 -0.02695835 -0.00586368 -0.00007675 -0.00000000 
2.84803587e-03 -0.04021259 -0.02695835 -0.00586368 -0.00007675 -0.00000000 
2.31012970e-03 -0.04021259 -0.02695835 -0.00586368 -0.00007675 -0.00000000 
1.87381742e-03 -0.04021259 -0.02695835 -0.00586368 -0.00007675 -0.00000000 
1.51991108e-03 -0.04021259 -0.02695835 -0.00586368 -0.00007675 -0.00000000 
1.23284674e-03 -0.04021259 -0.02695835 -0.00586368 -0.00007675 -0.00000000 
1.00000000e-03 -0.04021259 -0.02695835 -0.00586368 -0.00007675 -0.00000000 
8.11130831e-04 -0.04021259 -0.02695835 -0.00586368 -0.00007675 -0.00000000 
6.57933225e-04 -0.04021259 -0.02695835 -0.00586368 -0.00007675 -0.00000000 
5.33669923e-04 -0.04021259 -0.02695835 -0.00586368 -0.00007675 -0.00000000 
4.32876128e-04 -0.04021259 -0.02695835 -0.00586368 -0.00007675 -0.00000000 
3.51119173e-04 -0.04021259 -0.02695835 -0.00586368 -0.00007675 -0.00000000 
2.84803587e-04 -0.04021259 -0.02695835 -0.00586368 -0.00007675 -0.00000000 
2.31012970e-04 -0.04021259 -0.02695835 -0.00586368 -0.00007675 -0.00000000 
1.87381742e-04 -0.04021259 -0.02695835 -0.00586368 -0.00007675 -0.00000000 
1.51991108e-04 -0.04021259 -0.02695835 -0.00586368 -0.00007675 -0.00000000 
1.23284674e-04 -0.04021259 -0.02695835 -0.00586368 -0.00007675 -0.00000000 
1.00000000e-04 -0.04021259 -0.02695835 -0.00586368 -0.00007675 -0.00000000 
8.11130831e-05 -0.04021259 -0.02695835 -0.00586368 -0.00007675 -0.00000000 
6.57933225e-05 -0.04021259 -0.02695835 -0.00586368 -0.00007675 -0.00000000 
5.33669923e-05 -0.04021259 -0.02695835 -0.00586368 -0.00007675 -0.00000000 
4.32876128e-05 -0.04021259 -0.02695835 -0.00586368 -0.00007675 -0.00000000 
3.51119173e-05 -0.04021259 -0.02695835 -0.00586368 -0.00007675 -0.00000000 
2.84803587e-05 -0.04021259 -0.02695835 -0.00586368 -0.00007675 -0.00000000 
2.31012970e-05 -0.04021259 -0.02695835 -0.00586368 -0.00007675 -0.00000000 
1.87381742e-05 -0.04021259 -0.02695835 -0.00586368 -0.00007675 -0.00000000 
1.51991108e-05 -0.04021259 -0.02695835 -0.00586368 -0.00007675 -0.00000000 
1.23284674e-05 -0.04021259 -0.02695835 -0.00586368 -0.00007675 -0.00000000 
1.00000000e-05 -0.04021259 -0.02695835 -0.00586368 -0.00007675 -0.00000000 
8.11130831e-06 -0.04021259 -0.02695835 -0.00586368 -0.00007675 -0.00000000 
6.57933225e-06 -0.04021259 -0.02695835 -0.00586368 -0.00007675 -0.00000000 
5.33669923e-06 -0.04021259 -0.02695835 -0.00586368 -0.00007675 -0.00000000 
4.32876128e-06 -0.04021259 -0.02695835 -0.00586368 -0.00007675 -0.00000000 
3.51119173e-06 -0.04021259 -0.02695835 -0.00586368 -0.00007675 -0.00000000 
2.84803587e-06 -0.04021259 -0.02695835 -0.00586368 -0.00007675 -0.00000000 
2.31012970e-06 -0.04021259 -0.02695835 -0.00586368 -0.00007675 -0.00000000 
1.87381742e-06 -0.04021259 -0.02695835 -0.00586368 -0.00007675 -0.00000000 
1.51991108e-06 -0.04021259 -0.02695835 -0.00586368 -0.00007675 -0.00000000 
1.23284674e-06 -0.04021259 -0.02695835 -0.00586368 -0.00007675 -0.00000000 
1.00000000e-06 -0.04021259 -0.02695835 -0.00586368 -0.00007675 -0.00000000 
8.11130831e-07 -0.04021259 -0.02695835 -0.00586368 -0.00007675 -0.00000000 
6.57933225e-07 -0.04021259 -0.02695835 -0.00586368 -0.00007675 -0.00000000 
5.33669923e-07 -0.04021259 -0.02695835 -0.00586368 -0.00007675 -0.00000000 
4.32876128e-07 -0.04021259 -0.02695835 -0.00586368 -0.00007675 -0.00000000 
3.51119173e-07 -0.04021259 -0.02695835 -0.00586368 -0.00007675 -0.00000000 
2.84803587e-07 -0.04021259 -0.02695835 -0.00586368 -0.00007675 -0.00000000 
2.31012970e-07 -0.04021259 -0.02695835 -0.00586368 -0.00007675 -0.00000000 
1.87381742e-07 -0.04021259 -0.02695835 -0.00586368 -0.00007675 -0.00000000 
1.51991108e-07 -0.04021259 -0.02695835 -0.00586368 -0.00007675 -0.00000000 
1.23284674e-07 -0.04021259 -0.02695835 -0.00586368 -0.00007675 -0.00000000 
1.00000000e-07 -0.04021259 -0.02695835 -0.00586368 -0.00007675 -0.00000000 
P (bar) | log_H2O: -2σ | log_H2O: -1σ | log_H2O: median | log_H2O: +1σ | log_H2O: +2σ 
1.00000000e+02 -10.00570647 -3.76200982 -1.87254280 -1.22115244 -1.05337338 
8.11130831e+01 -10.00570647 -3.76200982 -1.87254280 -1.22115244 -1.05337338 
6.57933225e+01 -10.00570647 -3.76200982 -1.87254280 -1.22115244 -1.05337338 
5.33669923e+01 -10.00570647 -3.76200982 -1.87254280 -1.22115244 -1.05337338 
4.32876128e+01 -10.00570647 -3.76200982 -1.87254280 -1.22115244 -1.05337338 
3.51119173e+01 -10.00570647 -3.76200982 -1.87254280 -1.22115244 -1.05337338 
2.84803587e+01 -10.00570647 -3.76200982 -1.87254280 -1.22115244 -1.05337338 
2.31012970e+01 -10.00570647 -3.76200982 -1.87254280 -1.22115244 -1.05337338 
1.87381742e+01 -10.00570647 -3.76200982 -1.87254280 -1.22115244 -1.05337338 
1.51991108e+01 -10.00570647 -3.76200982 -1.87254280 -1.22115244 -1.05337338 
1.23284674e+01 -10.00570647 -3.76200982 -1.87254280 -1.22115244 -1.05337338 
1.00000000e+01 -10.00570647 -3.76200982 -1.87254280 -1.22115244 -1.05337338 
8.11130831e+00 -10.00570647 -3.76200982 -1.87254280 -1.22115244 -1.05337338 
6.57933225e+00 -10.00570647 -3.76200982 -1.87254280 -1.22115244 -1.05337338 
5.33669923e+00 -10.00570647 -3.76200982 -1.87254280 -1.22115244 -1.05337338 
4.32876128e+00 -10.00570647 -3.76200982 -1.87254280 -1.22115244 -1.05337338 
3.51119173e+00 -10.00570647 -3.76200982 -1.87254280 -1.22115244 -1.05337338 
2.84803587e+00 -10.00570647 -3.76200982 -1.87254280 -1.22115244 -1.05337338 
2.31012970e+00 -10.00570647 -3.76200982 -1.87254280 -1.22115244 -1.05337338 
1.87381742e+00 -10.00570647 -3.76200982 -1.87254280 -1.22115244 -1.05337338 
1.51991108e+00 -10.00570647 -3.76200982 -1.87254280 -1.22115244 -1.05337338 
1.23284674e+00 -10.00570647 -3.76200982 -1.87254280 -1.22115244 -1.05337338 
1.00000000e+00 -10.00570647 -3.76200982 -1.87254280 -1.22115244 -1.05337338 
8.11130831e-01 -10.00570647 -3.76200982 -1.87254280 -1.22115244 -1.05337338 
6.57933225e-01 -10.00570647 -3.76200982 -1.87254280 -1.22115244 -1.05337338 
5.33669923e-01 -10.00570647 -3.76200982 -1.87254280 -1.22115244 -1.05337338 
4.32876128e-01 -10.00570647 -3.76200982 -1.87254280 -1.22115244 -1.05337338 
3.51119173e-01 -10.00570647 -3.76200982 -1.87254280 -1.22115244 -1.05337338 
2.84803587e-01 -10.00570647 -3.76200982 -1.87254280 -1.22115244 -1.05337338 
2.31012970e-01 -10.00570647 -3.76200982 -1.87254280 -1.22115244 -1.05337338 
1.87381742e-01 -10.00570647 -3.76200982 -1.87254280 -1.22115244 -1.05337338 
1.51991108e-01 -10.00570647 -3.76200982 -1.87254280 -1.22115244 -1.05337338 
1.23284674e-01 -10.00570647 -3.76200982 -1.87254280 -1.22115244 -1.05337338 
1.00000000e-01 -10.00570647 -3.76200982 -1.87254280 -1.22115244 -1.05337338 
8.11130831e-02 -10.00570647 -3.76200982 -1.87254280 -1.22115244 -1.05337338 
6.57933225e-02 -10.00570647 -3.76200982 -1.87254280 -1.22115244 -1.05337338 
5.33669923e-02 -10.00570647 -3.76200982 -1.87254280 -1.22115244 -1.05337338 
4.32876128e-02 -10.00570647 -3.76200982 -1.87254280 -1.22115244 -1.05337338 
3.51119173e-02 -10.00570647 -3.76200982 -1.87254280 -1.22115244 -1.05337338 
2.84803587e-02 -10.00570647 -3.76200982 -1.87254280 -1.22115244 -1.05337338 
2.31012970e-02 -10.00570647 -3.76200982 -1.87254280 -1.22115244 -1.05337338 
1.87381742e-02 -10.00570647 -3.76200982 -1.87254280 -1.22115244 -1.05337338 
1.51991108e-02 -10.00570647 -3.76200982 -1.87254280 -1.22115244 -1.05337338 
1.23284674e-02 -10.00570647 -3.76200982 -1.87254280 -1.22115244 -1.05337338 
1.00000000e-02 -10.00570647 -3.76200982 -1.87254280 -1.22115244 -1.05337338 
8.11130831e-03 -10.00570647 -3.76200982 -1.87254280 -1.22115244 -1.05337338 
6.57933225e-03 -10.00570647 -3.76200982 -1.87254280 -1.22115244 -1.05337338 
5.33669923e-03 -10.00570647 -3.76200982 -1.87254280 -1.22115244 -1.05337338 
4.32876128e-03 -10.00570647 -3.76200982 -1.87254280 -1.22115244 -1.05337338 
3.51119173e-03 -10.00570647 -3.76200982 -1.87254280 -1.22115244 -1.05337338 
2.84803587e-03 -10.00570647 -3.76200982 -1.87254280 -1.22115244 -1.05337338 
2.31012970e-03 -10.00570647 -3.76200982 -1.87254280 -1.22115244 -1.05337338 
1.87381742e-03 -10.00570647 -3.76200982 -1.87254280 -1.22115244 -1.05337338 
1.51991108e-03 -10.00570647 -3.76200982 -1.87254280 -1.22115244 -1.05337338 
1.23284674e-03 -10.00570647 -3.76200982 -1.87254280 -1.22115244 -1.05337338 
1.00000000e-03 -10.00570647 -3.76200982 -1.87254280 -1.22115244 -1.05337338 
8.11130831e-04 -10.00570647 -3.76200982 -1.87254280 -1.22115244 -1.05337338 
6.57933225e-04 -10.00570647 -3.76200982 -1.87254280 -1.22115244 -1.05337338 
5.33669923e-04 -10.00570647 -3.76200982 -1.87254280 -1.22115244 -1.05337338 
4.32876128e-04 -10.00570647 -3.76200982 -1.87254280 -1.22115244 -1.05337338 
3.51119173e-04 -10.00570647 -3.76200982 -1.87254280 -1.22115244 -1.05337338 
2.84803587e-04 -10.00570647 -3.76200982 -1.87254280 -1.22115244 -1.05337338 
2.31012970e-04 -10.00570647 -3.76200982 -1.87254280 -1.22115244 -1.05337338 
1.87381742e-04 -10.00570647 -3.76200982 -1.87254280 -1.22115244 -1.05337338 
1.51991108e-04 -10.00570647 -3.76200982 -1.87254280 -1.22115244 -1.05337338 
1.23284674e-04 -10.00570647 -3.76200982 -1.87254280 -1.22115244 -1.05337338 
1.00000000e-04 -10.00570647 -3.76200982 -1.87254280 -1.22115244 -1.05337338 
8.11130831e-05 -10.00570647 -3.76200982 -1.87254280 -1.22115244 -1.05337338 
6.57933225e-05 -10.00570647 -3.76200982 -1.87254280 -1.22115244 -1.05337338 
5.33669923e-05 -10.00570647 -3.76200982 -1.87254280 -1.22115244 -1.05337338 
4.32876128e-05 -10.00570647 -3.76200982 -1.87254280 -1.22115244 -1.05337338 
3.51119173e-05 -10.00570647 -3.76200982 -1.87254280 -1.22115244 -1.05337338 
2.84803587e-05 -10.00570647 -3.76200982 -1.87254280 -1.22115244 -1.05337338 
2.31012970e-05 -10.00570647 -3.76200982 -1.87254280 -1.22115244 -1.05337338 
1.87381742e-05 -10.00570647 -3.76200982 -1.87254280 -1.22115244 -1.05337338 
1.51991108e-05 -10.00570647 -3.76200982 -1.87254280 -1.22115244 -1.05337338 
1.23284674e-05 -10.00570647 -3.76200982 -1.87254280 -1.22115244 -1.05337338 
1.00000000e-05 -10.00570647 -3.76200982 -1.87254280 -1.22115244 -1.05337338 
8.11130831e-06 -10.00570647 -3.76200982 -1.87254280 -1.22115244 -1.05337338 
6.57933225e-06 -10.00570647 -3.76200982 -1.87254280 -1.22115244 -1.05337338 
5.33669923e-06 -10.00570647 -3.76200982 -1.87254280 -1.22115244 -1.05337338 
4.32876128e-06 -10.00570647 -3.76200982 -1.87254280 -1.22115244 -1.05337338 
3.51119173e-06 -10.00570647 -3.76200982 -1.87254280 -1.22115244 -1.05337338 
2.84803587e-06 -10.00570647 -3.76200982 -1.87254280 -1.22115244 -1.05337338 
2.31012970e-06 -10.00570647 -3.76200982 -1.87254280 -1.22115244 -1.05337338 
1.87381742e-06 -10.00570647 -3.76200982 -1.87254280 -1.22115244 -1.05337338 
1.51991108e-06 -10.00570647 -3.76200982 -1.87254280 -1.22115244 -1.05337338 
1.23284674e-06 -10.00570647 -3.76200982 -1.87254280 -1.22115244 -1.05337338 
1.00000000e-06 -10.00570647 -3.76200982 -1.87254280 -1.22115244 -1.05337338 
8.11130831e-07 -10.00570647 -3.76200982 -1.87254280 -1.22115244 -1.05337338 
6.57933225e-07 -10.00570647 -3.76200982 -1.87254280 -1.22115244 -1.05337338 
5.33669923e-07 -10.00570647 -3.76200982 -1.87254280 -1.22115244 -1.05337338 
4.32876128e-07 -10.00570647 -3.76200982 -1.87254280 -1.22115244 -1.05337338 
3.51119173e-07 -10.00570647 -3.76200982 -1.87254280 -1.22115244 -1.05337338 
2.84803587e-07 -10.00570647 -3.76200982 -1.87254280 -1.22115244 -1.05337338 
2.31012970e-07 -10.00570647 -3.76200982 -1.87254280 -1.22115244 -1.05337338 
1.87381742e-07 -10.00570647 -3.76200982 -1.87254280 -1.22115244 -1.05337338 
1.51991108e-07 -10.00570647 -3.76200982 -1.87254280 -1.22115244 -1.05337338 
1.23284674e-07 -10.00570647 -3.76200982 -1.87254280 -1.22115244 -1.05337338 
1.00000000e-07 -10.00570647 -3.76200982 -1.87254280 -1.22115244 -1.05337338 
