Chemical species: CO2 H2O CH4
P (bar) | log_CO2: -2σ | log_CO2: -1σ | log_CO2: median | log_CO2: +1σ | log_CO2: +2σ 
1.00000000e+02 -0.04016712 -0.02059415 -0.00503362 -0.00042771 -0.00000542 
8.11130831e+01 -0.04016712 -0.02059415 -0.00503362 -0.00042771 -0.00000542 
6.57933225e+01 -0.04016712 -0.02059415 -0.00503362 -0.00042771 -0.00000542 
5.33669923e+01 -0.04016712 -0.02059415 -0.00503362 -0.00042771 -0.00000542 
4.32876128e+01 -0.04016712 -0.02059415 -0.00503362 -0.00042771 -0.00000542 
3.51119173e+01 -0.04016712 -0.02059415 -0.00503362 -0.00042771 -0.00000542 
2.84803587e+01 -0.04016712 -0.02059415 -0.00503362 -0.00042771 -0.00000542 
2.31012970e+01 -0.04016712 -0.02059415 -0.00503362 -0.00042771 -0.00000542 
1.87381742e+01 -0.04016712 -0.02059415 -0.00503362 -0.00042771 -0.00000542 
1.51991108e+01 -0.04016712 -0.02059415 -0.00503362 -0.00042771 -0.00000542 
1.23284674e+01 -0.04016712 -0.02059415 -0.00503362 -0.00042771 -0.00000542 
1.00000000e+01 -0.04016712 -0.02059415 -0.00503362 -0.00042771 -0.00000542 
8.11130831e+00 -0.04016712 -0.02059415 -0.00503362 -0.00042771 -0.00000542 
6.57933225e+00 -0.04016712 -0.02059415 -0.00503362 -0.00042771 -0.00000542 
5.33669923e+00 -0.04016712 -0.02059415 -0.00503362 -0.00042771 -0.00000542 
4.32876128e+00 -0.04016712 -0.02059415 -0.00503362 -0.00042771 -0.00000542 
3.51119173e+00 -0.04016712 -0.02059415 -0.00503362 -0.00042771 -0.00000542 
2.84803587e+00 -0.04016712 -0.02059415 -0.00503362 -0.00042771 -0.00000542 
2.31012970e+00 -0.04016712 -0.02059415 -0.00503362 -0.00042771 -0.00000542 
1.87381742e+00 -0.04016712 -0.02059415 -0.00503362 -0.00042771 -0.00000542 
1.51991108e+00 -0.04016712 -0.02059415 -0.00503362 -0.00042771 -0.00000542 
1.23284674e+00 -0.04016712 -0.02059415 -0.00503362 -0.00042771 -0.00000542 
1.00000000e+00 -0.04016712 -0.02059415 -0.00503362 -0.00042771 -0.00000542 
8.11130831e-01 -0.04016712 -0.02059415 -0.00503362 -0.00042771 -0.00000542 
6.57933225e-01 -0.04016712 -0.02059415 -0.00503362 -0.00042771 -0.00000542 
5.33669923e-01 -0.04016712 -0.02059415 -0.00503362 -0.00042771 -0.00000542 
4.32876128e-01 -0.04016712 -0.02059415 -0.00503362 -0.00042771 -0.00000542 
3.51119173e-01 -0.04016712 -0.02059415 -0.00503362 -0.00042771 -0.00000542 
2.84803587e-01 -0.04016712 -0.02059415 -0.00503362 -0.00042771 -0.00000542 
2.31012970e-01 -0.04016712 -0.02059415 -0.00503362 -0.00042771 -0.00000542 
1.87381742e-01 -0.04016712 -0.02059415 -0.00503362 -0.00042771 -0.00000542 
1.51991108e-01 -0.04016712 -0.02059415 -0.00503362 -0.00042771 -0.00000542 
1.23284674e-01 -0.04016712 -0.02059415 -0.00503362 -0.00042771 -0.00000542 
1.00000000e-01 -0.04016712 -0.02059415 -0.00503362 -0.00042771 -0.00000542 
8.11130831e-02 -0.04016712 -0.02059415 -0.00503362 -0.00042771 -0.00000542 
6.57933225e-02 -0.04016712 -0.02059415 -0.00503362 -0.00042771 -0.00000542 
5.33669923e-02 -0.04016712 -0.02059415 -0.00503362 -0.00042771 -0.00000542 
4.32876128e-02 -0.04016712 -0.02059415 -0.00503362 -0.00042771 -0.00000542 
3.51119173e-02 -0.04016712 -0.02059415 -0.00503362 -0.00042771 -0.00000542 
2.84803587e-02 -0.04016712 -0.02059415 -0.00503362 -0.00042771 -0.00000542 
2.31012970e-02 -0.04016712 -0.02059415 -0.00503362 -0.00042771 -0.00000542 
1.87381742e-02 -0.04016712 -0.02059415 -0.00503362 -0.00042771 -0.00000542 
1.51991108e-02 -0.04016712 -0.02059415 -0.00503362 -0.00042771 -0.00000542 
1.23284674e-02 -0.04016712 -0.02059415 -0.00503362 -0.00042771 -0.00000542 
1.00000000e-02 -0.04016712 -0.02059415 -0.00503362 -0.00042771 -0.00000542 
8.11130831e-03 -0.04016712 -0.02059415 -0.00503362 -0.00042771 -0.00000542 
6.57933225e-03 -0.04016712 -0.02059415 -0.00503362 -0.00042771 -0.00000542 
5.33669923e-03 -0.04016712 -0.02059415 -0.00503362 -0.00042771 -0.00000542 
4.32876128e-03 -0.04016712 -0.02059415 -0.00503362 -0.00042771 -0.00000542 
3.51119173e-03 -0.04016712 -0.02059415 -0.00503362 -0.00042771 -0.00000542 
2.84803587e-03 -0.04016712 -0.02059415 -0.00503362 -0.00042771 -0.00000542 
2.31012970e-03 -0.04016712 -0.02059415 -0.00503362 -0.00042771 -0.00000542 
1.87381742e-03 -0.04016712 -0.02059415 -0.00503362 -0.00042771 -0.00000542 
1.51991108e-03 -0.04016712 -0.02059415 -0.00503362 -0.00042771 -0.00000542 
1.23284674e-03 -0.04016712 -0.02059415 -0.00503362 -0.00042771 -0.00000542 
1.00000000e-03 -0.04016712 -0.02059415 -0.00503362 -0.00042771 -0.00000542 
8.11130831e-04 -0.04016712 -0.02059415 -0.00503362 -0.00042771 -0.00000542 
6.57933225e-04 -0.04016712 -0.02059415 -0.00503362 -0.00042771 -0.00000542 
5.33669923e-04 -0.04016712 -0.02059415 -0.00503362 -0.00042771 -0.00000542 
4.32876128e-04 -0.04016712 -0.02059415 -0.00503362 -0.00042771 -0.00000542 
3.51119173e-04 -0.04016712 -0.02059415 -0.00503362 -0.00042771 -0.00000542 
2.84803587e-04 -0.04016712 -0.02059415 -0.00503362 -0.00042771 -0.00000542 
2.31012970e-04 -0.04016712 -0.02059415 -0.00503362 -0.00042771 -0.00000542 
1.87381742e-04 -0.04016712 -0.02059415 -0.00503362 -0.00042771 -0.00000542 
1.51991108e-04 -0.04016712 -0.02059415 -0.00503362 -0.00042771 -0.00000542 
1.23284674e-04 -0.04016712 -0.02059415 -0.00503362 -0.00042771 -0.00000542 
1.00000000e-04 -0.04016712 -0.02059415 -0.00503362 -0.00042771 -0.00000542 
8.11130831e-05 -0.04016712 -0.02059415 -0.00503362 -0.00042771 -0.00000542 
6.57933225e-05 -0.04016712 -0.02059415 -0.00503362 -0.00042771 -0.00000542 
5.33669923e-05 -0.04016712 -0.02059415 -0.00503362 -0.00042771 -0.00000542 
4.32876128e-05 -0.04016712 -0.02059415 -0.00503362 -0.00042771 -0.00000542 
3.51119173e-05 -0.04016712 -0.02059415 -0.00503362 -0.00042771 -0.00000542 
2.84803587e-05 -0.04016712 -0.02059415 -0.00503362 -0.00042771 -0.00000542 
2.31012970e-05 -0.04016712 -0.02059415 -0.00503362 -0.00042771 -0.00000542 
1.87381742e-05 -0.04016712 -0.02059415 -0.00503362 -0.00042771 -0.00000542 
1.51991108e-05 -0.04016712 -0.02059415 -0.00503362 -0.00042771 -0.00000542 
1.23284674e-05 -0.04016712 -0.02059415 -0.00503362 -0.00042771 -0.00000542 
1.00000000e-05 -0.04016712 -0.02059415 -0.00503362 -0.00042771 -0.00000542 
8.11130831e-06 -0.04016712 -0.02059415 -0.00503362 -0.00042771 -0.00000542 
6.57933225e-06 -0.04016712 -0.02059415 -0.00503362 -0.00042771 -0.00000542 
5.33669923e-06 -0.04016712 -0.02059415 -0.00503362 -0.00042771 -0.00000542 
4.32876128e-06 -0.04016712 -0.02059415 -0.00503362 -0.00042771 -0.00000542 
3.51119173e-06 -0.04016712 -0.02059415 -0.00503362 -0.00042771 -0.00000542 
2.84803587e-06 -0.04016712 -0.02059415 -0.00503362 -0.00042771 -0.00000542 
2.31012970e-06 -0.04016712 -0.02059415 -0.00503362 -0.00042771 -0.00000542 
1.87381742e-06 -0.04016712 -0.02059415 -0.00503362 -0.00042771 -0.00000542 
1.51991108e-06 -0.04016712 -0.02059415 -0.00503362 -0.00042771 -0.00000542 
1.23284674e-06 -0.04016712 -0.02059415 -0.00503362 -0.00042771 -0.00000542 
1.00000000e-06 -0.04016712 -0.02059415 -0.00503362 -0.00042771 -0.00000542 
8.11130831e-07 -0.04016712 -0.02059415 -0.00503362 -0.00042771 -0.00000542 
6.57933225e-07 -0.04016712 -0.02059415 -0.00503362 -0.00042771 -0.00000542 
5.33669923e-07 -0.04016712 -0.02059415 -0.00503362 -0.00042771 -0.00000542 
4.32876128e-07 -0.04016712 -0.02059415 -0.00503362 -0.00042771 -0.00000542 
3.51119173e-07 -0.04016712 -0.02059415 -0.00503362 -0.00042771 -0.00000542 
2.84803587e-07 -0.04016712 -0.02059415 -0.00503362 -0.00042771 -0.00000542 
2.31012970e-07 -0.04016712 -0.02059415 -0.00503362 -0.00042771 -0.00000542 
1.87381742e-07 -0.04016712 -0.02059415 -0.00503362 -0.00042771 -0.00000542 
1.51991108e-07 -0.04016712 -0.02059415 -0.00503362 -0.00042771 -0.00000542 
1.23284674e-07 -0.04016712 -0.02059415 -0.00503362 -0.00042771 -0.00000542 
1.00000000e-07 -0.04016712 -0.02059415 -0.00503362 -0.00042771 -0.00000542 
P (bar) | log_H2O: -2σ | log_H2O: -1σ | log_H2O: median | log_H2O: +1σ | log_H2O: +2σ 
1.00000000e+02 -11.35179000 -8.62106303 -2.82556849 -1.48214867 -1.08084090 
8.11130831e+01 -11.35179000 -8.62106303 -2.82556849 -1.48214867 -1.08084090 
6.57933225e+01 -11.35179000 -8.62106303 -2.82556849 -1.48214867 -1.08084090 
5.33669923e+01 -11.35179000 -8.62106303 -2.82556849 -1.48214867 -1.08084090 
4.32876128e+01 -11.35179000 -8.62106303 -2.82556849 -1.48214867 -1.08084090 
3.51119173e+01 -11.35179000 -8.62106303 -2.82556849 -1.48214867 -1.08084090 
2.84803587e+01 -11.35179000 -8.62106303 -2.82556849 -1.48214867 -1.08084090 
2.31012970e+01 -11.35179000 -8.62106303 -2.82556849 -1.48214867 -1.08084090 
1.87381742e+01 -11.35179000 -8.62106303 -2.82556849 -1.48214867 -1.08084090 
1.51991108e+01 -11.35179000 -8.62106303 -2.82556849 -1.48214867 -1.08084090 
1.23284674e+01 -11.35179000 -8.62106303 -2.82556849 -1.48214867 -1.08084090 
1.00000000e+01 -11.35179000 -8.62106303 -2.82556849 -1.48214867 -1.08084090 
8.11130831e+00 -11.35179000 -8.62106303 -2.82556849 -1.48214867 -1.08084090 
6.57933225e+00 -11.35179000 -8.62106303 -2.82556849 -1.48214867 -1.08084090 
5.33669923e+00 -11.35179000 -8.62106303 -2.82556849 -1.48214867 -1.08084090 
4.32876128e+00 -11.35179000 -8.62106303 -2.82556849 -1.48214867 -1.08084090 
3.51119173e+00 -11.35179000 -8.62106303 -2.82556849 -1.48214867 -1.08084090 
2.84803587e+00 -11.35179000 -8.62106303 -2.82556849 -1.48214867 -1.08084090 
2.31012970e+00 -11.35179000 -8.62106303 -2.82556849 -1.48214867 -1.08084090 
1.87381742e+00 -11.35179000 -8.62106303 -2.82556849 -1.48214867 -1.08084090 
1.51991108e+00 -11.35179000 -8.62106303 -2.82556849 -1.48214867 -1.08084090 
1.23284674e+00 -11.35179000 -8.62106303 -2.82556849 -1.48214867 -1.08084090 
1.00000000e+00 -11.35179000 -8.62106303 -2.82556849 -1.48214867 -1.08084090 
8.11130831e-01 -11.35179000 -8.62106303 -2.82556849 -1.48214867 -1.08084090 
6.57933225e-01 -11.35179000 -8.62106303 -2.82556849 -1.48214867 -1.08084090 
5.33669923e-01 -11.35179000 -8.62106303 -2.82556849 -1.48214867 -1.08084090 
4.32876128e-01 -11.35179000 -8.62106303 -2.82556849 -1.48214867 -1.08084090 
3.51119173e-01 -11.35179000 -8.62106303 -2.82556849 -1.48214867 -1.08084090 
2.84803587e-01 -11.35179000 -8.62106303 -2.82556849 -1.48214867 -1.08084090 
2.31012970e-01 -11.35179000 -8.62106303 -2.82556849 -1.48214867 -1.08084090 
1.87381742e-01 -11.35179000 -8.62106303 -2.82556849 -1.48214867 -1.08084090 
1.51991108e-01 -11.35179000 -8.62106303 -2.82556849 -1.48214867 -1.08084090 
1.23284674e-01 -11.35179000 -8.62106303 -2.82556849 -1.48214867 -1.08084090 
1.00000000e-01 -11.35179000 -8.62106303 -2.82556849 -1.48214867 -1.08084090 
8.11130831e-02 -11.35179000 -8.62106303 -2.82556849 -1.48214867 -1.08084090 
6.57933225e-02 -11.35179000 -8.62106303 -2.82556849 -1.48214867 -1.08084090 
5.33669923e-02 -11.35179000 -8.62106303 -2.82556849 -1.48214867 -1.08084090 
4.32876128e-02 -11.35179000 -8.62106303 -2.82556849 -1.48214867 -1.08084090 
3.51119173e-02 -11.35179000 -8.62106303 -2.82556849 -1.48214867 -1.08084090 
2.84803587e-02 -11.35179000 -8.62106303 -2.82556849 -1.48214867 -1.08084090 
2.31012970e-02 -11.35179000 -8.62106303 -2.82556849 -1.48214867 -1.08084090 
1.87381742e-02 -11.35179000 -8.62106303 -2.82556849 -1.48214867 -1.08084090 
1.51991108e-02 -11.35179000 -8.62106303 -2.82556849 -1.48214867 -1.08084090 
1.23284674e-02 -11.35179000 -8.62106303 -2.82556849 -1.48214867 -1.08084090 
1.00000000e-02 -11.35179000 -8.62106303 -2.82556849 -1.48214867 -1.08084090 
8.11130831e-03 -11.35179000 -8.62106303 -2.82556849 -1.48214867 -1.08084090 
6.57933225e-03 -11.35179000 -8.62106303 -2.82556849 -1.48214867 -1.08084090 
5.33669923e-03 -11.35179000 -8.62106303 -2.82556849 -1.48214867 -1.08084090 
4.32876128e-03 -11.35179000 -8.62106303 -2.82556849 -1.48214867 -1.08084090 
3.51119173e-03 -11.35179000 -8.62106303 -2.82556849 -1.48214867 -1.08084090 
2.84803587e-03 -11.35179000 -8.62106303 -2.82556849 -1.48214867 -1.08084090 
2.31012970e-03 -11.35179000 -8.62106303 -2.82556849 -1.48214867 -1.08084090 
1.87381742e-03 -11.35179000 -8.62106303 -2.82556849 -1.48214867 -1.08084090 
1.51991108e-03 -11.35179000 -8.62106303 -2.82556849 -1.48214867 -1.08084090 
1.23284674e-03 -11.35179000 -8.62106303 -2.82556849 -1.48214867 -1.08084090 
1.00000000e-03 -11.35179000 -8.62106303 -2.82556849 -1.48214867 -1.08084090 
8.11130831e-04 -11.35179000 -8.62106303 -2.82556849 -1.48214867 -1.08084090 
6.57933225e-04 -11.35179000 -8.62106303 -2.82556849 -1.48214867 -1.08084090 
5.33669923e-04 -11.35179000 -8.62106303 -2.82556849 -1.48214867 -1.08084090 
4.32876128e-04 -11.35179000 -8.62106303 -2.82556849 -1.48214867 -1.08084090 
3.51119173e-04 -11.35179000 -8.62106303 -2.82556849 -1.48214867 -1.08084090 
2.84803587e-04 -11.35179000 -8.62106303 -2.82556849 -1.48214867 -1.08084090 
2.31012970e-04 -11.35179000 -8.62106303 -2.82556849 -1.48214867 -1.08084090 
1.87381742e-04 -11.35179000 -8.62106303 -2.82556849 -1.48214867 -1.08084090 
1.51991108e-04 -11.35179000 -8.62106303 -2.82556849 -1.48214867 -1.08084090 
1.23284674e-04 -11.35179000 -8.62106303 -2.82556849 -1.48214867 -1.08084090 
1.00000000e-04 -11.35179000 -8.62106303 -2.82556849 -1.48214867 -1.08084090 
8.11130831e-05 -11.35179000 -8.62106303 -2.82556849 -1.48214867 -1.08084090 
6.57933225e-05 -11.35179000 -8.62106303 -2.82556849 -1.48214867 -1.08084090 
5.33669923e-05 -11.35179000 -8.62106303 -2.82556849 -1.48214867 -1.08084090 
4.32876128e-05 -11.35179000 -8.62106303 -2.82556849 -1.48214867 -1.08084090 
3.51119173e-05 -11.35179000 -8.62106303 -2.82556849 -1.48214867 -1.08084090 
2.84803587e-05 -11.35179000 -8.62106303 -2.82556849 -1.48214867 -1.08084090 
2.31012970e-05 -11.35179000 -8.62106303 -2.82556849 -1.48214867 -1.08084090 
1.87381742e-05 -11.35179000 -8.62106303 -2.82556849 -1.48214867 -1.08084090 
1.51991108e-05 -11.35179000 -8.62106303 -2.82556849 -1.48214867 -1.08084090 
1.23284674e-05 -11.35179000 -8.62106303 -2.82556849 -1.48214867 -1.08084090 
1.00000000e-05 -11.35179000 -8.62106303 -2.82556849 -1.48214867 -1.08084090 
8.11130831e-06 -11.35179000 -8.62106303 -2.82556849 -1.48214867 -1.08084090 
6.57933225e-06 -11.35179000 -8.62106303 -2.82556849 -1.48214867 -1.08084090 
5.33669923e-06 -11.35179000 -8.62106303 -2.82556849 -1.48214867 -1.08084090 
4.32876128e-06 -11.35179000 -8.62106303 -2.82556849 -1.48214867 -1.08084090 
3.51119173e-06 -11.35179000 -8.62106303 -2.82556849 -1.48214867 -1.08084090 
2.84803587e-06 -11.35179000 -8.62106303 -2.82556849 -1.48214867 -1.08084090 
2.31012970e-06 -11.35179000 -8.62106303 -2.82556849 -1.48214867 -1.08084090 
1.87381742e-06 -11.35179000 -8.62106303 -2.82556849 -1.48214867 -1.08084090 
1.51991108e-06 -11.35179000 -8.62106303 -2.82556849 -1.48214867 -1.08084090 
1.23284674e-06 -11.35179000 -8.62106303 -2.82556849 -1.48214867 -1.08084090 
1.00000000e-06 -11.35179000 -8.62106303 -2.82556849 -1.48214867 -1.08084090 
8.11130831e-07 -11.35179000 -8.62106303 -2.82556849 -1.48214867 -1.08084090 
6.57933225e-07 -11.35179000 -8.62106303 -2.82556849 -1.48214867 -1.08084090 
5.33669923e-07 -11.35179000 -8.62106303 -2.82556849 -1.48214867 -1.08084090 
4.32876128e-07 -11.35179000 -8.62106303 -2.82556849 -1.48214867 -1.08084090 
3.51119173e-07 -11.35179000 -8.62106303 -2.82556849 -1.48214867 -1.08084090 
2.84803587e-07 -11.35179000 -8.62106303 -2.82556849 -1.48214867 -1.08084090 
2.31012970e-07 -11.35179000 -8.62106303 -2.82556849 -1.48214867 -1.08084090 
1.87381742e-07 -11.35179000 -8.62106303 -2.82556849 -1.48214867 -1.08084090 
1.51991108e-07 -11.35179000 -8.62106303 -2.82556849 -1.48214867 -1.08084090 
1.23284674e-07 -11.35179000 -8.62106303 -2.82556849 -1.48214867 -1.08084090 
1.00000000e-07 -11.35179000 -8.62106303 -2.82556849 -1.48214867 -1.08084090 
P (bar) | log_CH4: -2σ | log_CH4: -1σ | log_CH4: median | log_CH4: +1σ | log_CH4: +2σ 
1.00000000e+02 -11.34722751 -7.92852707 -3.18800490 -1.79815960 -1.22099320 
8.11130831e+01 -11.34722751 -7.92852707 -3.18800490 -1.79815960 -1.22099320 
6.57933225e+01 -11.34722751 -7.92852707 -3.18800490 -1.79815960 -1.22099320 
5.33669923e+01 -11.34722751 -7.92852707 -3.18800490 -1.79815960 -1.22099320 
4.32876128e+01 -11.34722751 -7.92852707 -3.18800490 -1.79815960 -1.22099320 
3.51119173e+01 -11.34722751 -7.92852707 -3.18800490 -1.79815960 -1.22099320 
2.84803587e+01 -11.34722751 -7.92852707 -3.18800490 -1.79815960 -1.22099320 
2.31012970e+01 -11.34722751 -7.92852707 -3.18800490 -1.79815960 -1.22099320 
1.87381742e+01 -11.34722751 -7.92852707 -3.18800490 -1.79815960 -1.22099320 
1.51991108e+01 -11.34722751 -7.92852707 -3.18800490 -1.79815960 -1.22099320 
1.23284674e+01 -11.34722751 -7.92852707 -3.18800490 -1.79815960 -1.22099320 
1.00000000e+01 -11.34722751 -7.92852707 -3.18800490 -1.79815960 -1.22099320 
8.11130831e+00 -11.34722751 -7.92852707 -3.18800490 -1.79815960 -1.22099320 
6.57933225e+00 -11.34722751 -7.92852707 -3.18800490 -1.79815960 -1.22099320 
5.33669923e+00 -11.34722751 -7.92852707 -3.18800490 -1.79815960 -1.22099320 
4.32876128e+00 -11.34722751 -7.92852707 -3.18800490 -1.79815960 -1.22099320 
3.51119173e+00 -11.34722751 -7.92852707 -3.18800490 -1.79815960 -1.22099320 
2.84803587e+00 -11.34722751 -7.92852707 -3.18800490 -1.79815960 -1.22099320 
2.31012970e+00 -11.34722751 -7.92852707 -3.18800490 -1.79815960 -1.22099320 
1.87381742e+00 -11.34722751 -7.92852707 -3.18800490 -1.79815960 -1.22099320 
1.51991108e+00 -11.34722751 -7.92852707 -3.18800490 -1.79815960 -1.22099320 
1.23284674e+00 -11.34722751 -7.92852707 -3.18800490 -1.79815960 -1.22099320 
1.00000000e+00 -11.34722751 -7.92852707 -3.18800490 -1.79815960 -1.22099320 
8.11130831e-01 -11.34722751 -7.92852707 -3.18800490 -1.79815960 -1.22099320 
6.57933225e-01 -11.34722751 -7.92852707 -3.18800490 -1.79815960 -1.22099320 
5.33669923e-01 -11.34722751 -7.92852707 -3.18800490 -1.79815960 -1.22099320 
4.32876128e-01 -11.34722751 -7.92852707 -3.18800490 -1.79815960 -1.22099320 
3.51119173e-01 -11.34722751 -7.92852707 -3.18800490 -1.79815960 -1.22099320 
2.84803587e-01 -11.34722751 -7.92852707 -3.18800490 -1.79815960 -1.22099320 
2.31012970e-01 -11.34722751 -7.92852707 -3.18800490 -1.79815960 -1.22099320 
1.87381742e-01 -11.34722751 -7.92852707 -3.18800490 -1.79815960 -1.22099320 
1.51991108e-01 -11.34722751 -7.92852707 -3.18800490 -1.79815960 -1.22099320 
1.23284674e-01 -11.34722751 -7.92852707 -3.18800490 -1.79815960 -1.22099320 
1.00000000e-01 -11.34722751 -7.92852707 -3.18800490 -1.79815960 -1.22099320 
8.11130831e-02 -11.34722751 -7.92852707 -3.18800490 -1.79815960 -1.22099320 
6.57933225e-02 -11.34722751 -7.92852707 -3.18800490 -1.79815960 -1.22099320 
5.33669923e-02 -11.34722751 -7.92852707 -3.18800490 -1.79815960 -1.22099320 
4.32876128e-02 -11.34722751 -7.92852707 -3.18800490 -1.79815960 -1.22099320 
3.51119173e-02 -11.34722751 -7.92852707 -3.18800490 -1.79815960 -1.22099320 
2.84803587e-02 -11.34722751 -7.92852707 -3.18800490 -1.79815960 -1.22099320 
2.31012970e-02 -11.34722751 -7.92852707 -3.18800490 -1.79815960 -1.22099320 
1.87381742e-02 -11.34722751 -7.92852707 -3.18800490 -1.79815960 -1.22099320 
1.51991108e-02 -11.34722751 -7.92852707 -3.18800490 -1.79815960 -1.22099320 
1.23284674e-02 -11.34722751 -7.92852707 -3.18800490 -1.79815960 -1.22099320 
1.00000000e-02 -11.34722751 -7.92852707 -3.18800490 -1.79815960 -1.22099320 
8.11130831e-03 -11.34722751 -7.92852707 -3.18800490 -1.79815960 -1.22099320 
6.57933225e-03 -11.34722751 -7.92852707 -3.18800490 -1.79815960 -1.22099320 
5.33669923e-03 -11.34722751 -7.92852707 -3.18800490 -1.79815960 -1.22099320 
4.32876128e-03 -11.34722751 -7.92852707 -3.18800490 -1.79815960 -1.22099320 
3.51119173e-03 -11.34722751 -7.92852707 -3.18800490 -1.79815960 -1.22099320 
2.84803587e-03 -11.34722751 -7.92852707 -3.18800490 -1.79815960 -1.22099320 
2.31012970e-03 -11.34722751 -7.92852707 -3.18800490 -1.79815960 -1.22099320 
1.87381742e-03 -11.34722751 -7.92852707 -3.18800490 -1.79815960 -1.22099320 
1.51991108e-03 -11.34722751 -7.92852707 -3.18800490 -1.79815960 -1.22099320 
1.23284674e-03 -11.34722751 -7.92852707 -3.18800490 -1.79815960 -1.22099320 
1.00000000e-03 -11.34722751 -7.92852707 -3.18800490 -1.79815960 -1.22099320 
8.11130831e-04 -11.34722751 -7.92852707 -3.18800490 -1.79815960 -1.22099320 
6.57933225e-04 -11.34722751 -7.92852707 -3.18800490 -1.79815960 -1.22099320 
5.33669923e-04 -11.34722751 -7.92852707 -3.18800490 -1.79815960 -1.22099320 
4.32876128e-04 -11.34722751 -7.92852707 -3.18800490 -1.79815960 -1.22099320 
3.51119173e-04 -11.34722751 -7.92852707 -3.18800490 -1.79815960 -1.22099320 
2.84803587e-04 -11.34722751 -7.92852707 -3.18800490 -1.79815960 -1.22099320 
2.31012970e-04 -11.34722751 -7.92852707 -3.18800490 -1.79815960 -1.22099320 
1.87381742e-04 -11.34722751 -7.92852707 -3.18800490 -1.79815960 -1.22099320 
1.51991108e-04 -11.34722751 -7.92852707 -3.18800490 -1.79815960 -1.22099320 
1.23284674e-04 -11.34722751 -7.92852707 -3.18800490 -1.79815960 -1.22099320 
1.00000000e-04 -11.34722751 -7.92852707 -3.18800490 -1.79815960 -1.22099320 
8.11130831e-05 -11.34722751 -7.92852707 -3.18800490 -1.79815960 -1.22099320 
6.57933225e-05 -11.34722751 -7.92852707 -3.18800490 -1.79815960 -1.22099320 
5.33669923e-05 -11.34722751 -7.92852707 -3.18800490 -1.79815960 -1.22099320 
4.32876128e-05 -11.34722751 -7.92852707 -3.18800490 -1.79815960 -1.22099320 
3.51119173e-05 -11.34722751 -7.92852707 -3.18800490 -1.79815960 -1.22099320 
2.84803587e-05 -11.34722751 -7.92852707 -3.18800490 -1.79815960 -1.22099320 
2.31012970e-05 -11.34722751 -7.92852707 -3.18800490 -1.79815960 -1.22099320 
1.87381742e-05 -11.34722751 -7.92852707 -3.18800490 -1.79815960 -1.22099320 
1.51991108e-05 -11.34722751 -7.92852707 -3.18800490 -1.79815960 -1.22099320 
1.23284674e-05 -11.34722751 -7.92852707 -3.18800490 -1.79815960 -1.22099320 
1.00000000e-05 -11.34722751 -7.92852707 -3.18800490 -1.79815960 -1.22099320 
8.11130831e-06 -11.34722751 -7.92852707 -3.18800490 -1.79815960 -1.22099320 
6.57933225e-06 -11.34722751 -7.92852707 -3.18800490 -1.79815960 -1.22099320 
5.33669923e-06 -11.34722751 -7.92852707 -3.18800490 -1.79815960 -1.22099320 
4.32876128e-06 -11.34722751 -7.92852707 -3.18800490 -1.79815960 -1.22099320 
3.51119173e-06 -11.34722751 -7.92852707 -3.18800490 -1.79815960 -1.22099320 
2.84803587e-06 -11.34722751 -7.92852707 -3.18800490 -1.79815960 -1.22099320 
2.31012970e-06 -11.34722751 -7.92852707 -3.18800490 -1.79815960 -1.22099320 
1.87381742e-06 -11.34722751 -7.92852707 -3.18800490 -1.79815960 -1.22099320 
1.51991108e-06 -11.34722751 -7.92852707 -3.18800490 -1.79815960 -1.22099320 
1.23284674e-06 -11.34722751 -7.92852707 -3.18800490 -1.79815960 -1.22099320 
1.00000000e-06 -11.34722751 -7.92852707 -3.18800490 -1.79815960 -1.22099320 
8.11130831e-07 -11.34722751 -7.92852707 -3.18800490 -1.79815960 -1.22099320 
6.57933225e-07 -11.34722751 -7.92852707 -3.18800490 -1.79815960 -1.22099320 
5.33669923e-07 -11.34722751 -7.92852707 -3.18800490 -1.79815960 -1.22099320 
4.32876128e-07 -11.34722751 -7.92852707 -3.18800490 -1.79815960 -1.22099320 
3.51119173e-07 -11.34722751 -7.92852707 -3.18800490 -1.79815960 -1.22099320 
2.84803587e-07 -11.34722751 -7.92852707 -3.18800490 -1.79815960 -1.22099320 
2.31012970e-07 -11.34722751 -7.92852707 -3.18800490 -1.79815960 -1.22099320 
1.87381742e-07 -11.34722751 -7.92852707 -3.18800490 -1.79815960 -1.22099320 
1.51991108e-07 -11.34722751 -7.92852707 -3.18800490 -1.79815960 -1.22099320 
1.23284674e-07 -11.34722751 -7.92852707 -3.18800490 -1.79815960 -1.22099320 
1.00000000e-07 -11.34722751 -7.92852707 -3.18800490 -1.79815960 -1.22099320 
